0 0 0
0.1 0 0
0.2 0 0
0.3 0 0
0.4 0 0
0.5 0 0
0.6 0 0
0.7 0 0
0.8 0 0
0.9 0 0
1 0 0
0 0 0
0.0700053 -3.42444e-07 3.42444e-07
5.62248 -2.75035e-05 2.75035e-05
20.9067 -0.000102269 0.000102269
36.4139 -0.000178126 0.000178126
51.5978 -0.0002524 0.0002524
66.6963 -0.000326258 0.000326258
82.0304 -0.000401267 0.000401267
96.9699 -0.000474347 0.000474347
112.334 -0.000549503 0.000549503
127.548 -0.000623927 0.000623927
142.727 -0.000698178 0.000698178
157.957 -0.000772674 0.000772674
173.193 -0.000847205 0.000847205
188.185 -0.000920542 0.000920542
203.518 -0.000995547 0.000995547
218.605 -0.00106935 0.00106935
233.869 -0.00114401 0.00114401
249.009 -0.00121807 0.00121807
264.295 -0.00129284 0.00129284
279.42 -0.00136683 0.00136683
294.701 -0.00144158 0.00144158
309.924 -0.00151605 0.00151605
325.055 -0.00159006 0.00159006
340.196 -0.00166413 0.00166413
355.432 -0.00173865 0.00173865
370.501 -0.00181237 0.00181237
385.755 -0.00188699 0.00188699
400.984 -0.00196148 0.00196148
416.081 -0.00203533 0.00203533
431.185 -0.00210921 0.00210921
444.544 -0.00217456 0.00217456
429.242 -0.00209971 0.00209971
413.866 -0.00202449 0.00202449
398.631 -0.00194997 0.00194997
383.267 -0.00187481 0.00187481
367.993 -0.0018001 0.0018001
352.715 -0.00172536 0.00172536
337.701 -0.00165192 0.00165192
322.384 -0.001577 0.001577
307.199 -0.00150272 0.00150272
292.043 -0.00142858 0.00142858
276.962 -0.00135481 0.00135481
261.677 -0.00128004 0.00128004
246.484 -0.00120572 0.00120572
231.286 -0.00113138 0.00113138
216.114 -0.00105716 0.00105716
200.98 -0.000983129 0.000983129
185.674 -0.000908261 0.000908261
170.515 -0.000834106 0.000834106
155.301 -0.000759686 0.000759686
140.054 -0.000685099 0.000685099
124.88 -0.000610874 0.000610874
109.798 -0.0005371 0.0005371
94.6977 -0.000463232 0.000463232
79.4047 -0.000388423 0.000388423
64.2662 -0.00031437 0.00031437
48.9163 -0.000239283 0.000239283
33.919 -0.000165921 0.000165921
18.537 -9.06774e-05 9.06774e-05
3.40154 -1.66393e-05 1.66393e-05
-11.7609 5.75307e-05 -5.75307e-05
-26.8716 0.000131447 -0.000131447
-41.9885 0.000205395 -0.000205395
-57.3509 0.000280543 -0.000280543
-72.4527 0.000354416 -0.000354416
-87.7489 0.000429241 -0.000429241
-102.937 0.000503534 -0.000503534
-118.098 0.000577697 -0.000577697
-133.375 0.000652427 -0.000652427
-148.425 0.000726049 -0.000726049
-163.57 0.000800132 -0.000800132
-178.941 0.000875324 -0.000875324
-193.931 0.000948647 -0.000948647
-209.149 0.00102309 -0.00102309
-224.31 0.00109725 -0.00109725
-239.581 0.00117196 -0.00117196
-254.804 0.00124642 -0.00124642
-270.023 0.00132086 -0.00132086
-285.22 0.0013952 -0.0013952
-300.36 0.00146926 -0.00146926
-315.495 0.0015433 -0.0015433
-330.877 0.00161854 -0.00161854
-345.986 0.00169245 -0.00169245
-361.176 0.00176676 -0.00176676
-376.178 0.00184014 -0.00184014
-391.578 0.00191547 -0.00191547
-406.575 0.00198883 -0.00198883
-421.915 0.00206387 -0.00206387
-437.107 0.00213818 -0.00213818
-444.638 0.00217502 -0.00217502
-428.516 0.00209616 -0.00209616
-412.969 0.00202011 -0.00202011
-397.619 0.00194502 -0.00194502
-382.398 0.00187056 -0.00187056
-367.104 0.00179575 -0.00179575
-351.926 0.0017215 -0.0017215
-336.763 0.00164734 -0.00164734
-321.693 0.00157362 -0.00157362
-306.39 0.00149876 -0.00149876
-291.255 0.00142473 -0.00142473
-275.827 0.00134925 -0.00134925
-260.825 0.00127587 -0.00127587
-245.586 0.00120133 -0.00120133
-230.479 0.00112743 -0.00112743
-215.181 0.0010526 -0.0010526
-199.934 0.000978012 -0.000978012
-184.925 0.000904596 -0.000904596
-169.709 0.000830163 -0.000830163
-154.464 0.000755589 -0.000755589
-139.125 0.000680556 -0.000680556
-124.018 0.000606655 -0.000606655
-108.893 0.00053267 -0.00053267
-93.571 0.00045772 -0.00045772
-78.547 0.000384227 -0.000384227
-63.4572 0.000310413 -0.000310413
-48.1851 0.000235707 -0.000235707
-32.928 0.000161074 -0.000161074
-17.867 8.73996e-05 -8.73996e-05
-2.42958 1.18848e-05 -1.18848e-05
12.6842 -6.2047e-05 6.2047e-05
27.9024 -0.00013649 0.00013649
42.987 -0.000210279 0.000210279
58.3502 -0.000285431 0.000285431
73.3507 -0.000358809 0.000358809
88.5728 -0.000433271 0.000433271
103.87 -0.000508102 0.000508102
118.843 -0.000581345 0.000581345
134.142 -0.000656182 0.000656182
149.398 -0.000730806 0.000730806
164.555 -0.000804951 0.000804951
179.712 -0.000879095 0.000879095
194.929 -0.00095353 0.00095353
210.1 -0.00102774 0.00102774
225.244 -0.00110182 0.00110182
240.412 -0.00117602 0.00117602
255.804 -0.00125131 0.00125131
270.842 -0.00132487 0.00132487
286.015 -0.00139909 0.00139909
301.169 -0.00147322 0.00147322
316.438 -0.00154791 0.00154791
331.531 -0.00162174 0.00162174
346.846 -0.00169666 0.00169666
361.908 -0.00177033 0.00177033
377.175 -0.00184501 0.00184501
392.433 -0.00191965 0.00191965
407.639 -0.00199403 0.00199403
422.81 -0.00206824 0.00206824
437.81 -0.00214162 0.00214162
444.443 -0.00217406 0.00217406
429.346 -0.00210022 0.00210022
413.969 -0.002025 0.002025
398.574 -0.00194969 0.00194969
383.291 -0.00187493 0.00187493
368.167 -0.00180095 0.00180095
352.944 -0.00172648 0.00172648
337.772 -0.00165227 0.00165227
322.483 -0.00157748 0.00157748
307.27 -0.00150307 0.00150307
292.224 -0.00142946 0.00142946
276.962 -0.00135481 0.00135481
261.777 -0.00128053 0.00128053
246.656 -0.00120656 0.00120656
231.517 -0.00113251 0.00113251
216.174 -0.00105745 0.00105745
201.046 -0.000983455 0.000983455
185.741 -0.000908588 0.000908588
170.591 -0.000834477 0.000834477
155.56 -0.000760952 0.000760952
140.113 -0.000685391 0.000685391
125.025 -0.000611584 0.000611584
109.837 -0.000537291 0.000537291
94.7372 -0.000463425 0.000463425
79.4418 -0.000388605 0.000388605
64.3033 -0.000314552 0.000314552
49.0638 -0.000240005 0.000240005
33.8203 -0.000165439 0.000165439
18.6196 -9.10812e-05 9.10812e-05
3.6426 -1.78185e-05 1.78185e-05
-11.7611 5.75317e-05 -5.75317e-05
-26.8197 0.000131194 -0.000131194
-42.0213 0.000205555 -0.000205555
-57.1604 0.000279611 -0.000279611
-72.4119 0.000354217 -0.000354217
-87.684 0.000428923 -0.000428923
-102.805 0.000502889 -0.000502889
-117.911 0.000576782 -0.000576782
-133.165 0.000651402 -0.000651402
-148.413 0.00072599 -0.00072599
-163.604 0.000800298 -0.000800298
-178.81 0.000874681 -0.000874681
-194 0.000948985 -0.000948985
-209.311 0.00102389 -0.00102389
-224.257 0.001097 -0.001097
-239.472 0.00117142 -0.00117142
-254.806 0.00124643 -0.00124643
-269.834 0.00131994 -0.00131994
-285.133 0.00139478 -0.00139478
-300.334 0.00146913 -0.00146913
-315.483 0.00154324 -0.00154324
-330.67 0.00161753 -0.00161753
-345.664 0.00169088 -0.00169088
-361.309 0.0017674 -0.0017674
-376.339 0.00184093 -0.00184093
-391.299 0.0019141 -0.0019141
-406.568 0.00198879 -0.00198879
-421.662 0.00206263 -0.00206263
-437.132 0.0021383 -0.0021383
-444.57 0.00217469 -0.00217469
-421.504 0.00206185 -0.00206185
-398.283 0.00194827 -0.00194827
-375.332 0.001836 -0.001836
-352.446 0.00172405 -0.00172405
-329.79 0.00161323 -0.00161323
-306.873 0.00150112 -0.00150112
-283.962 0.00138905 -0.00138905
-261.209 0.00127775 -0.00127775
-238.643 0.00116737 -0.00116737
-215.764 0.00105545 -0.00105545
-192.861 0.000943417 -0.000943417
-170.061 0.000831883 -0.000831883
-147.315 0.000720618 -0.000720618
-124.478 0.000608906 -0.000608906
-101.898 0.000498456 -0.000498456
-78.9365 0.000386133 -0.000386133
-56.3107 0.000275454 -0.000275454
-33.4531 0.000163642 -0.000163642
-10.547 5.15926e-05 -5.15926e-05
12.2138 -5.97462e-05 5.97462e-05
34.8322 -0.000170388 0.000170388
57.6889 -0.000282196 0.000282196
80.5141 -0.00039385 0.00039385
103.368 -0.000505643 0.000505643
126.006 -0.000616381 0.000616381
148.856 -0.000728155 0.000728155
171.563 -0.000839231 0.000839231
194.294 -0.000950427 0.000950427
217.158 -0.00106227 0.00106227
240.012 -0.00117406 0.00117406
262.76 -0.00128534 0.00128534
285.532 -0.00139673 0.00139673
308.271 -0.00150796 0.00150796
331.065 -0.00161946 0.00161946
353.931 -0.00173131 0.00173131
376.708 -0.00184273 0.00184273
399.501 -0.00195422 0.00195422
422.204 -0.00206528 0.00206528
445.065 -0.00217711 0.00217711
467.791 -0.00228827 0.00228827
490.678 -0.00240023 0.00240023
513.263 -0.0025107 0.0025107
536.123 -0.00262252 0.00262252
558.935 -0.00273411 0.00273411
581.73 -0.00284561 0.00284561
592.633 -0.00289894 0.00289894
569.2 -0.00278432 0.00278432
546.167 -0.00267165 0.00267165
523.135 -0.00255899 0.00255899
500.244 -0.00244702 0.00244702
477.533 -0.00233593 0.00233593
454.732 -0.00222439 0.00222439
431.903 -0.00211272 0.00211272
408.961 -0.0020005 0.0020005
386.328 -0.00188979 0.00188979
363.404 -0.00177765 0.00177765
340.789 -0.00166703 0.00166703
317.838 -0.00155476 0.00155476
294.975 -0.00144292 0.00144292
272.393 -0.00133246 0.00133246
249.425 -0.00122011 0.00122011
226.64 -0.00110865 0.00110865
203.868 -0.000997259 0.000997259
181.048 -0.000885631 0.000885631
158.301 -0.000774358 0.000774358
135.667 -0.000663639 0.000663639
112.726 -0.000551421 0.000551421
89.8825 -0.000439677 0.000439677
67.0508 -0.000327992 0.000327992
44.4871 -0.000217617 0.000217617
21.7107 -0.000106202 0.000106202
-1.08845 5.32436e-06 -5.32436e-06
-23.9782 0.000117294 -0.000117294
-46.599 0.000227948 -0.000227948
-69.5335 0.000340136 -0.000340136
-92.2916 0.000451462 -0.000451462
-115.107 0.000563067 -0.000563067
-137.823 0.000674187 -0.000674187
-160.699 0.00078609 -0.00078609
-183.369 0.000896984 -0.000896984
-206.155 0.00100845 -0.00100845
-229.085 0.00112061 -0.00112061
-251.632 0.00123091 -0.00123091
-274.506 0.0013428 -0.0013428
-297.295 0.00145427 -0.00145427
-320.226 0.00156644 -0.00156644
-342.737 0.00167656 -0.00167656
-366.01 0.0017904 -0.0017904
-388.507 0.00190045 -0.00190045
-411.309 0.00201199 -0.00201199
-434.089 0.00212342 -0.00212342
-456.783 0.00223442 -0.00223442
-479.64 0.00234623 -0.00234623
-502.439 0.00245775 -0.00245775
-525.048 0.00256835 -0.00256835
-548.086 0.00268104 -0.00268104
-570.702 0.00279167 -0.00279167
-592.814 0.00289983 -0.00289983
-592.814 0.00289983 -0.00289983
-569.297 0.0027848 -0.0027848
-546.153 0.00267159 -0.00267159
-523.422 0.0025604 -0.0025604
-500.201 0.00244681 -0.00244681
-477.395 0.00233525 -0.00233525
-454.796 0.0022247 -0.0022247
-431.809 0.00211226 -0.00211226
-409.153 0.00200144 -0.00200144
-386.318 0.00188974 -0.00188974
-363.465 0.00177795 -0.00177795
-340.734 0.00166676 -0.00166676
-317.974 0.00155543 -0.00155543
-295.001 0.00144305 -0.00144305
-272.28 0.00133191 -0.00133191
-249.558 0.00122076 -0.00122076
-226.744 0.00110916 -0.00110916
-203.99 0.000997854 -0.000997854
-181.204 0.000886394 -0.000886394
-158.434 0.000775009 -0.000775009
-135.708 0.000663839 -0.000663839
-112.91 0.000552319 -0.000552319
-89.9993 0.000440248 -0.000440248
-67.3702 0.000329554 -0.000329554
-44.5296 0.000217825 -0.000217825
-21.6414 0.000105863 -0.000105863
1.05769 -5.17392e-06 5.17392e-06
23.998 -0.000117391 0.000117391
46.6764 -0.000228326 0.000228326
69.4601 -0.000339777 0.000339777
92.2275 -0.000451148 0.000451148
114.916 -0.000562136 0.000562136
137.708 -0.000673625 0.000673625
160.457 -0.000784903 0.000784903
183.228 -0.000896295 0.000896295
206.221 -0.00100877 0.00100877
228.866 -0.00111954 0.00111954
251.627 -0.00123088 0.00123088
274.595 -0.00134323 0.00134323
297.191 -0.00145376 0.00145376
320.018 -0.00156542 0.00156542
342.883 -0.00167727 0.00167727
365.746 -0.00178911 0.00178911
388.393 -0.00189989 0.00189989
411.126 -0.00201109 0.00201109
433.959 -0.00212278 0.00212278
456.788 -0.00223445 0.00223445
479.571 -0.00234589 0.00234589
502.408 -0.0024576 0.0024576
525.041 -0.00256831 0.00256831
547.93 -0.00268028 0.00268028
570.628 -0.0027913 0.0027913
592.704 -0.00289929 0.00289929
592.704 -0.00289929 0.00289929
569.257 -0.0027846 0.0027846
546.186 -0.00267175 0.00267175
523.298 -0.00255979 0.00255979
500.363 -0.0024476 0.0024476
477.486 -0.00233569 0.00233569
454.801 -0.00222473 0.00222473
432.013 -0.00211326 0.00211326
409.05 -0.00200094 0.00200094
386.301 -0.00188966 0.00188966
363.559 -0.00177841 0.00177841
340.842 -0.00166729 0.00166729
317.94 -0.00155526 0.00155526
295.215 -0.0014441 0.0014441
272.358 -0.00133229 0.00133229
249.51 -0.00122053 0.00122053
226.929 -0.00111007 0.00111007
203.963 -0.000997725 0.000997725
181.328 -0.000887001 0.000887001
158.391 -0.000774798 0.000774798
135.732 -0.000663957 0.000663957
112.864 -0.000552096 0.000552096
90.1318 -0.000440897 0.000440897
67.2629 -0.000329029 0.000329029
44.5691 -0.000218018 0.000218018
21.5348 -0.000105341 0.000105341
-0.990879 4.84707e-06 -4.84707e-06
-23.6938 0.000115903 -0.000115903
-46.5267 0.000227594 -0.000227594
-69.3016 0.000339002 -0.000339002
-92.178 0.000450906 -0.000450906
-114.871 0.000561911 -0.000561911
-137.607 0.000673133 -0.000673133
-160.514 0.000785186 -0.000785186
-183.304 0.000896665 -0.000896665
-206.097 0.00100816 -0.00100816
-228.876 0.00111959 -0.00111959
-251.643 0.00123096 -0.00123096
-274.421 0.00134238 -0.00134238
-297.147 0.00145355 -0.00145355
-320.025 0.00156546 -0.00156546
-342.742 0.00167658 -0.00167658
-365.588 0.00178834 -0.00178834
-388.303 0.00189945 -0.00189945
-411.119 0.00201106 -0.00201106
-433.957 0.00212277 -0.00212277
-456.745 0.00223424 -0.00223424
-479.445 0.00234528 -0.00234528
-502.362 0.00245738 -0.00245738
-524.984 0.00256804 -0.00256804
-547.869 0.00267998 -0.00267998
-570.739 0.00279185 -0.00279185
-592.645 0.002899 -0.002899
-592.645 0.002899 -0.002899
-553.904 0.0027095 -0.0027095
-515.375 0.00252103 -0.00252103
-477.137 0.00233399 -0.00233399
-438.984 0.00214736 -0.00214736
-401.101 0.00196205 -0.00196205
-362.937 0.00177537 -0.00177537
-325.056 0.00159007 -0.00159007
-287.01 0.00140396 -0.00140396
-249.033 0.00121819 -0.00121819
-211.068 0.00103248 -0.00103248
-173.106 0.00084678 -0.00084678
-135.28 0.000661745 -0.000661745
-97.1242 0.000475102 -0.000475102
-59.1644 0.000289414 -0.000289414
-21.1798 0.000103605 -0.000103605
16.808 -8.22196e-05 8.22196e-05
54.7305 -0.000267725 0.000267725
92.634 -0.000453137 0.000453137
130.74 -0.000639541 0.000639541
168.547 -0.000824481 0.000824481
206.603 -0.00101063 0.00101063
244.536 -0.00119619 0.00119619
282.563 -0.00138221 0.00138221
320.51 -0.00156783 0.00156783
358.445 -0.0017534 0.0017534
396.407 -0.00193909 0.00193909
434.512 -0.00212548 0.00212548
472.351 -0.00231058 0.00231058
510.408 -0.00249673 0.00249673
548.517 -0.00268315 0.00268315
586.442 -0.00286866 0.00286866
624.268 -0.00305368 0.00305368
662.289 -0.00323966 0.00323966
700.334 -0.00342576 0.00342576
738.293 -0.00361144 0.00361144
776.185 -0.00379678 0.00379678
814.247 -0.00398295 0.00398295
852.281 -0.00416899 0.00416899
888.97 -0.00434845 0.00434845
888.97 -0.00434845 0.00434845
850.335 -0.00415947 0.00415947
811.758 -0.00397078 0.00397078
773.538 -0.00378383 0.00378383
735.397 -0.00359727 0.00359727
697.374 -0.00341128 0.00341128
659.62 -0.00322661 0.00322661
621.452 -0.00303991 0.00303991
583.345 -0.00285351 0.00285351
545.475 -0.00266827 0.00266827
507.391 -0.00248198 0.00248198
469.631 -0.00229727 0.00229727
431.495 -0.00211073 0.00211073
393.488 -0.00192481 0.00192481
355.435 -0.00173867 0.00173867
317.541 -0.00155331 0.00155331
279.59 -0.00136766 0.00136766
241.804 -0.00118283 0.00118283
203.558 -0.00099574 0.00099574
165.682 -0.000810466 0.000810466
127.605 -0.000624203 0.000624203
89.5043 -0.000437827 0.000437827
51.7076 -0.000252938 0.000252938
13.7479 -6.72503e-05 6.72503e-05
-24.2403 0.000118576 -0.000118576
-62.0378 0.00030347 -0.00030347
-100.165 0.000489976 -0.000489976
-138.177 0.00067592 -0.00067592
-176.225 0.000862037 -0.000862037
-214.064 0.00104713 -0.00104713
-252.122 0.0012333 -0.0012333
-290.129 0.00141922 -0.00141922
-328.068 0.0016048 -0.0016048
-366.09 0.00179079 -0.00179079
-404.03 0.00197638 -0.00197638
-441.97 0.00216197 -0.00216197
-479.949 0.00234774 -0.00234774
-517.854 0.00253316 -0.00253316
-555.89 0.00271921 -0.00271921
-593.885 0.00290507 -0.00290507
-631.722 0.00309015 -0.00309015
-669.878 0.00327679 -0.00327679
-707.803 0.00346229 -0.00346229
-745.828 0.00364829 -0.00364829
-783.812 0.00383409 -0.00383409
-821.889 0.00402034 -0.00402034
-859.844 0.00420598 -0.00420598
-889.218 0.00434966 -0.00434966
-850.669 0.00416111 -0.00416111
-811.833 0.00397115 -0.00397115
-773.624 0.00378425 -0.00378425
-735.443 0.00359749 -0.00359749
-697.466 0.00341173 -0.00341173
-659.435 0.00322571 -0.00322571
-621.31 0.00303921 -0.00303921
-583.468 0.00285411 -0.00285411
-545.349 0.00266765 -0.00266765
-507.527 0.00248264 -0.00248264
-469.571 0.00229698 -0.00229698
-431.635 0.00211141 -0.00211141
-393.477 0.00192476 -0.00192476
-355.512 0.00173905 -0.00173905
-317.589 0.00155354 -0.00155354
-279.65 0.00136796 -0.00136796
-241.698 0.00118231 -0.00118231
-203.716 0.000996514 -0.000996514
-165.669 0.0008104 -0.0008104
-127.708 0.000624709 -0.000624709
-89.7211 0.000438888 -0.000438888
-51.8826 0.000253793 -0.000253793
-13.8854 6.79233e-05 -6.79233e-05
24.171 -0.000118237 0.000118237
62.0542 -0.00030355 0.00030355
100.082 -0.000489571 0.000489571
138.015 -0.000675128 0.000675128
175.919 -0.000860542 0.000860542
213.999 -0.00104682 0.00104682
251.986 -0.00123264 0.00123264
289.905 -0.00141812 0.00141812
327.954 -0.00160424 0.00160424
365.785 -0.0017893 0.0017893
403.817 -0.00197534 0.00197534
441.89 -0.00216157 0.00216157
479.95 -0.00234775 0.00234775
517.916 -0.00253346 0.00253346
555.858 -0.00271906 0.00271906
593.801 -0.00290466 0.00290466
631.758 -0.00309032 0.00309032
669.642 -0.00327563 0.00327563
707.812 -0.00346234 0.00346234
745.706 -0.0036477 0.0036477
783.698 -0.00383353 0.00383353
821.67 -0.00401926 0.00401926
859.719 -0.00420538 0.00420538
888.997 -0.00434858 0.00434858
850.52 -0.00416038 0.00416038
812.023 -0.00397207 0.00397207
773.662 -0.00378444 0.00378444
735.532 -0.00359793 0.00359793
697.445 -0.00341163 0.00341163
659.751 -0.00322725 0.00322725
621.669 -0.00304097 0.00304097
583.601 -0.00285476 0.00285476
545.629 -0.00266902 0.00266902
507.633 -0.00248316 0.00248316
469.717 -0.00229769 0.00229769
431.614 -0.00211131 0.00211131
393.647 -0.00192559 0.00192559
355.719 -0.00174006 0.00174006
317.618 -0.00155368 0.00155368
279.766 -0.00136853 0.00136853
241.765 -0.00118264 0.00118264
203.905 -0.000997441 0.000997441
165.68 -0.000810453 0.000810453
127.82 -0.000625256 0.000625256
89.8126 -0.000439335 0.000439335
51.7553 -0.000253171 0.000253171
13.8844 -6.7918e-05 6.7918e-05
-24.0474 0.000117633 -0.000117633
-62.095 0.000303749 -0.000303749
-99.9474 0.000488911 -0.000488911
-138.05 0.000675297 -0.000675297
-176.052 0.000861192 -0.000861192
-213.948 0.00104657 -0.00104657
-251.965 0.00123253 -0.00123253
-289.864 0.00141792 -0.00141792
-327.944 0.0016042 -0.0016042
-365.878 0.00178976 -0.00178976
-403.85 0.0019755 -0.0019755
-441.862 0.00216144 -0.00216144
-479.69 0.00234648 -0.00234648
-517.79 0.00253285 -0.00253285
-555.748 0.00271852 -0.00271852
-593.733 0.00290432 -0.00290432
-631.71 0.00309009 -0.00309009
-669.641 0.00327563 -0.00327563
-707.614 0.00346137 -0.00346137
-745.531 0.00364684 -0.00364684
-783.517 0.00383264 -0.00383264
-821.652 0.00401917 -0.00401917
-859.525 0.00420443 -0.00420443
-889.173 0.00434944 -0.00434944
-849.213 0.00415399 -0.00415399
-810.487 0.00396456 -0.00396456
-772.201 0.00377729 -0.00377729
-734.049 0.00359068 -0.00359068
-696.086 0.00340498 -0.00340498
-658.001 0.00321869 -0.00321869
-620.007 0.00303284 -0.00303284
-582.166 0.00284774 -0.00284774
-544.155 0.00266181 -0.00266181
-506.194 0.00247612 -0.00247612
-468.19 0.00229022 -0.00229022
-430.186 0.00210433 -0.00210433
-392.224 0.00191863 -0.00191863
-354.183 0.00173254 -0.00173254
-316.289 0.00154718 -0.00154718
-278.217 0.00136095 -0.00136095
-240.304 0.00117549 -0.00117549
-202.375 0.000989953 -0.000989953
-164.363 0.000804014 -0.000804014
-126.294 0.00061779 -0.00061779
-88.3286 0.000432076 -0.000432076
-50.4661 0.000246864 -0.000246864
-12.4563 6.09323e-05 -6.09323e-05
25.3944 -0.000124222 0.000124222
63.4467 -0.000310362 0.000310362
101.371 -0.000495876 0.000495876
139.444 -0.000682116 0.000682116
177.426 -0.000867913 0.000867913
215.319 -0.00105327 0.00105327
253.273 -0.00123893 0.00123893
291.316 -0.00142503 0.00142503
329.265 -0.00161066 0.00161066
367.192 -0.00179618 0.00179618
405.173 -0.00198197 0.00198197
443.226 -0.00216811 0.00216811
481.261 -0.00235416 0.00235416
519.202 -0.00253975 0.00253975
557.174 -0.00272549 0.00272549
595.099 -0.00291101 0.00291101
633.108 -0.00309692 0.00309692
671.056 -0.00328255 0.00328255
709.133 -0.0034688 0.0034688
746.952 -0.00365379 0.00365379
785.001 -0.0038399 0.0038399
823.047 -0.004026 0.004026
860.901 -0.00421115 0.00421115
889.108 -0.00434912 0.00434912
850.741 -0.00416146 0.00416146
812.104 -0.00397247 0.00397247
773.849 -0.00378535 0.00378535
735.862 -0.00359954 0.00359954
697.771 -0.00341322 0.00341322
659.903 -0.00322799 0.00322799
621.687 -0.00304106 0.00304106
583.833 -0.0028559 0.0028559
545.833 -0.00267002 0.00267002
507.763 -0.0024838 0.0024838
469.717 -0.00229769 0.00229769
431.83 -0.00211236 0.00211236
393.785 -0.00192626 0.00192626
355.848 -0.00174069 0.00174069
317.702 -0.00155409 0.00155409
279.791 -0.00136865 0.00136865
241.876 -0.00118318 0.00118318
203.867 -0.000997252 0.000997252
166.01 -0.000812067 0.000812067
128.08 -0.000626525 0.000626525
90.1403 -0.000440939 0.000440939
51.9414 -0.000254081 0.000254081
13.9712 -6.83427e-05 6.83427e-05
-23.9661 0.000117235 -0.000117235
-61.9784 0.000303179 -0.000303179
-99.8745 0.000488555 -0.000488555
-137.845 0.000674296 -0.000674296
-175.823 0.00086007 -0.00086007
-213.719 0.00104545 -0.00104545
-251.683 0.00123115 -0.00123115
-289.715 0.00141719 -0.00141719
-327.827 0.00160362 -0.00160362
-365.511 0.00178796 -0.00178796
-403.621 0.00197438 -0.00197438
-441.541 0.00215987 -0.00215987
-479.753 0.00234679 -0.00234679
-517.586 0.00253185 -0.00253185
-555.61 0.00271784 -0.00271784
-593.488 0.00290312 -0.00290312
-631.544 0.00308927 -0.00308927
-669.339 0.00327415 -0.00327415
-707.532 0.00346097 -0.00346097
-745.352 0.00364596 -0.00364596
-783.361 0.00383188 -0.00383188
-821.416 0.00401802 -0.00401802
-859.326 0.00420345 -0.00420345
-889.16 0.00434938 -0.00434938
-850.96 0.00416253 -0.00416253
-812.264 0.00397325 -0.00397325
-773.997 0.00378607 -0.00378607
-735.707 0.00359879 -0.00359879
-697.741 0.00341308 -0.00341308
-659.882 0.00322789 -0.00322789
-621.743 0.00304133 -0.00304133
-583.731 0.0028554 -0.0028554
-545.784 0.00266978 -0.00266978
-507.793 0.00248395 -0.00248395
-469.982 0.00229899 -0.00229899
-431.738 0.00211191 -0.00211191
-393.998 0.00192731 -0.00192731
-355.912 0.001741 -0.001741
-317.952 0.00155532 -0.00155532
-280.035 0.00136984 -0.00136984
-241.982 0.0011837 -0.0011837
-204.048 0.000998137 -0.000998137
-166.149 0.000812751 -0.000812751
-128.059 0.000626425 -0.000626425
-90.036 0.000440428 -0.000440428
-52.1269 0.000254989 -0.000254989
-14.2098 6.95101e-05 -6.95101e-05
23.773 -0.00011629 0.00011629
61.8575 -0.000302587 0.000302587
99.7834 -0.000488109 0.000488109
137.685 -0.000673511 0.000673511
175.63 -0.000859126 0.000859126
213.659 -0.00104515 0.00104515
251.638 -0.00123093 0.00123093
289.68 -0.00141702 0.00141702
327.584 -0.00160243 0.00160243
365.621 -0.0017885 0.0017885
403.55 -0.00197403 0.00197403
441.562 -0.00215997 0.00215997
479.561 -0.00234585 0.00234585
517.568 -0.00253176 0.00253176
555.594 -0.00271777 0.00271777
593.467 -0.00290302 0.00290302
631.44 -0.00308877 0.00308877
669.291 -0.00327392 0.00327392
707.39 -0.00346027 0.00346027
745.313 -0.00364577 0.00364577
783.202 -0.0038311 0.0038311
821.128 -0.00401661 0.00401661
859.273 -0.00420319 0.00420319
889.156 -0.00434936 0.00434936
850.875 -0.00416211 0.00416211
812.345 -0.00397365 0.00397365
773.94 -0.0037858 0.0037858
735.931 -0.00359988 0.00359988
697.804 -0.00341338 0.00341338
660.014 -0.00322854 0.00322854
621.974 -0.00304246 0.00304246
583.907 -0.00285626 0.00285626
545.92 -0.00267044 0.00267044
508.04 -0.00248515 0.00248515
469.919 -0.00229868 0.00229868
431.998 -0.00211319 0.00211319
394.036 -0.00192749 0.00192749
356.014 -0.0017415 0.0017415
318.01 -0.0015556 0.0015556
280.063 -0.00136998 0.00136998
241.964 -0.00118361 0.00118361
204.019 -0.000997997 0.000997997
166.058 -0.000812305 0.000812305
128.283 -0.000627522 0.000627522
90.2144 -0.000441301 0.000441301
52.1277 -0.000254993 0.000254993
14.098 -6.89632e-05 6.89632e-05
-23.7903 0.000116375 -0.000116375
-61.7752 0.000302185 -0.000302185
-99.7024 0.000487713 -0.000487713
-137.758 0.000673868 -0.000673868
-175.673 0.000859339 -0.000859339
-213.539 0.00104457 -0.00104457
-251.585 0.00123067 -0.00123067
-289.586 0.00141656 -0.00141656
-327.518 0.00160211 -0.00160211
-365.557 0.00178819 -0.00178819
-403.43 0.00197344 -0.00197344
-441.446 0.0021594 -0.0021594
-479.65 0.00234628 -0.00234628
-517.641 0.00253212 -0.00253212
-555.389 0.00271676 -0.00271676
-593.577 0.00290356 -0.00290356
-631.493 0.00308902 -0.00308902
-669.402 0.00327446 -0.00327446
-707.356 0.00346011 -0.00346011
-745.241 0.00364542 -0.00364542
-783.282 0.00383149 -0.00383149
-821.207 0.004017 -0.004017
-859.1 0.00420235 -0.00420235
-889.146 0.00434931 -0.00434931
-828.301 0.0040517 -0.0040517
-766.48 0.00374931 -0.00374931
-705.31 0.0034501 -0.0034501
-644.491 0.0031526 -0.0031526
-583.5 0.00285427 -0.00285427
-522.755 0.00255713 -0.00255713
-461.988 0.00225989 -0.00225989
-401.221 0.00196264 -0.00196264
-340.477 0.0016655 -0.0016655
-279.737 0.00136838 -0.00136838
-218.919 0.00107088 -0.00107088
-158.156 0.000773649 -0.000773649
-97.2689 0.000475809 -0.000475809
-36.7265 0.000179655 -0.000179655
23.9521 -0.000117166 0.000117166
84.9119 -0.000415363 0.000415363
145.644 -0.000712444 0.000712444
206.326 -0.00100928 0.00100928
267.121 -0.00130667 0.00130667
327.843 -0.0016037 0.0016037
388.698 -0.00190138 0.00190138
449.357 -0.0021981 0.0021981
510.207 -0.00249575 0.00249575
570.849 -0.00279239 0.00279239
631.587 -0.00308948 0.00308948
692.458 -0.00338723 0.00338723
753.308 -0.00368488 0.00368488
813.882 -0.00398117 0.00398117
874.699 -0.00427864 0.00427864
935.489 -0.00457599 0.00457599
996.294 -0.0048734 0.0048734
1056.95 -0.00517007 0.00517007
1117.76 -0.00546751 0.00546751
1178.58 -0.00576496 0.00576496
1185.56 -0.00579912 0.00579912
1122.72 -0.00549175 0.00549175
1060.91 -0.00518945 0.00518945
999.602 -0.00488958 0.00488958
938.745 -0.00459191 0.00459191
877.95 -0.00429455 0.00429455
817.823 -0.00400045 0.00400045
756.165 -0.00369885 0.00369885
695.282 -0.00340105 0.00340105
634.67 -0.00310456 0.00310456
573.901 -0.00280731 0.00280731
513.208 -0.00251043 0.00251043
452.381 -0.00221289 0.00221289
391.582 -0.00191549 0.00191549
330.787 -0.0016181 0.0016181
270.135 -0.00132142 0.00132142
209.326 -0.00102396 0.00102396
148.437 -0.000726106 0.000726106
87.689 -0.000428947 0.000428947
27.0888 -0.00013251 0.00013251
-33.8649 0.000165656 -0.000165656
-94.6013 0.00046276 -0.00046276
-155.211 0.000759244 -0.000759244
-215.822 0.00105573 -0.00105573
-276.779 0.00135391 -0.00135391
-337.56 0.00165123 -0.00165123
-398.317 0.00194843 -0.00194843
-458.909 0.00224483 -0.00224483
-519.802 0.00254269 -0.00254269
-580.544 0.00283981 -0.00283981
-641.315 0.00313707 -0.00313707
-702.079 0.00343429 -0.00343429
-762.754 0.00373108 -0.00373108
-823.491 0.00402817 -0.00402817
-884.46 0.00432639 -0.00432639
-945.082 0.00462291 -0.00462291
-1005.89 0.00492033 -0.00492033
-1066.78 0.00521813 -0.00521813
-1127.57 0.00551549 -0.00551549
-1185.72 0.00579989 -0.00579989
-1185.72 0.00579989 -0.00579989
-1122.74 0.00549187 -0.00549187
-1061.03 0.00519001 -0.00519001
-999.73 0.0048902 -0.0048902
-938.695 0.00459167 -0.00459167
-877.891 0.00429426 -0.00429426
-817.061 0.00399672 -0.00399672
-756.334 0.00369968 -0.00369968
-695.481 0.00340202 -0.00340202
-634.669 0.00310456 -0.00310456
-573.945 0.00280753 -0.00280753
-513.245 0.00251061 -0.00251061
-452.373 0.00221285 -0.00221285
-391.713 0.00191613 -0.00191613
-331.067 0.00161947 -0.00161947
-270.096 0.00132122 -0.00132122
-209.384 0.00102424 -0.00102424
-148.689 0.00072734 -0.00072734
-87.9082 0.00043002 -0.00043002
-27.168 0.000132898 -0.000132898
33.6093 -0.000164406 0.000164406
94.3824 -0.00046169 0.00046169
155.178 -0.00075908 0.00075908
215.838 -0.00105581 0.00105581
276.663 -0.00135335 0.00135335
337.309 -0.00165 0.00165
398.115 -0.00194744 0.00194744
458.917 -0.00224486 0.00224486
519.642 -0.0025419 0.0025419
580.43 -0.00283925 0.00283925
641.137 -0.0031362 0.0031362
701.863 -0.00343324 0.00343324
762.685 -0.00373075 0.00373075
823.529 -0.00402836 0.00402836
884.263 -0.00432542 0.00432542
945.036 -0.00462268 0.00462268
1005.8 -0.00491987 0.00491987
1066.53 -0.00521694 0.00521694
1127.23 -0.00551381 0.00551381
1185.75 -0.00580005 0.00580005
1185.75 -0.00580005 0.00580005
1122.99 -0.00549308 0.00549308
1061.02 -0.00519001 0.00519001
999.929 -0.00489118 0.00489118
938.862 -0.00459248 0.00459248
878.192 -0.00429573 0.00429573
817.426 -0.0039985 0.0039985
756.908 -0.00370249 0.00370249
695.383 -0.00340154 0.00340154
634.733 -0.00310488 0.00310488
574.022 -0.00280791 0.00280791
513.281 -0.00251079 0.00251079
452.557 -0.00221375 0.00221375
391.857 -0.00191684 0.00191684
331.074 -0.00161951 0.00161951
270.233 -0.00132189 0.00132189
209.58 -0.0010252 0.0010252
148.753 -0.000727652 0.000727652
87.9957 -0.000430448 0.000430448
27.2904 -0.000133496 0.000133496
-33.4697 0.000163724 -0.000163724
-94.0639 0.000460131 -0.000460131
-154.953 0.000757981 -0.000757981
-215.894 0.00105608 -0.00105608
-276.588 0.00135298 -0.00135298
-337.322 0.00165007 -0.00165007
-398.053 0.00194714 -0.00194714
-458.853 0.00224455 -0.00224455
-519.575 0.00254158 -0.00254158
-580.302 0.00283862 -0.00283862
-641.085 0.00313595 -0.00313595
-701.884 0.00343334 -0.00343334
-762.567 0.00373017 -0.00373017
-823.394 0.0040277 -0.0040277
-884.131 0.00432478 -0.00432478
-944.969 0.00462236 -0.00462236
-1005.56 0.00491872 -0.00491872
-1066.4 0.00521632 -0.00521632
-1127.26 0.00551396 -0.00551396
-1185.7 0.0057998 -0.0057998
-1185.7 0.0057998 -0.0057998
-1123.21 0.00549414 -0.00549414
-1061.2 0.00519084 -0.00519084
-999.913 0.0048911 -0.0048911
-938.938 0.00459286 -0.00459286
-878.134 0.00429545 -0.00429545
-817.334 0.00399806 -0.00399806
-756.449 0.00370024 -0.00370024
-695.763 0.0034034 -0.0034034
-634.988 0.00310612 -0.00310612
-574.253 0.00280904 -0.00280904
-513.382 0.00251129 -0.00251129
-452.631 0.00221411 -0.00221411
-391.874 0.00191692 -0.00191692
-331.13 0.00161978 -0.00161978
-270.33 0.00132237 -0.00132237
-209.6 0.0010253 -0.0010253
-148.866 0.000728206 -0.000728206
-88.1607 0.000431255 -0.000431255
-27.2761 0.000133426 -0.000133426
33.3838 -0.000163303 0.000163303
94.0918 -0.000460268 0.000460268
154.882 -0.000757634 0.000757634
215.543 -0.00105437 0.00105437
276.368 -0.0013519 0.0013519
337.226 -0.0016496 0.0016496
397.843 -0.00194612 0.00194612
458.65 -0.00224356 0.00224356
519.356 -0.00254051 0.00254051
580.176 -0.00283801 0.00283801
641.112 -0.00313608 0.00313608
701.808 -0.00343297 0.00343297
762.476 -0.00372972 0.00372972
823.218 -0.00402684 0.00402684
884.061 -0.00432444 0.00432444
944.788 -0.00462147 0.00462147
1005.49 -0.00491835 0.00491835
1066.3 -0.00521582 0.00521582
1127.13 -0.00551333 0.00551333
1185.55 -0.00579907 0.00579907
1185.55 -0.00579907 0.00579907
1123.11 -0.00549368 0.00549368
1061.28 -0.00519125 0.00519125
1000.1 -0.004892 0.004892
939.019 -0.00459325 0.00459325
878.288 -0.0042962 0.0042962
817.868 -0.00400067 0.00400067
757.51 -0.00370543 0.00370543
695.572 -0.00340247 0.00340247
635.002 -0.00310619 0.00310619
574.513 -0.00281031 0.00281031
513.528 -0.002512 0.002512
452.814 -0.00221501 0.00221501
392.091 -0.00191798 0.00191798
331.374 -0.00162097 0.00162097
270.623 -0.0013238 0.0013238
209.748 -0.00102602 0.00102602
148.965 -0.000728691 0.000728691
88.2479 -0.000431681 0.000431681
27.4224 -0.000134142 0.000134142
-33.2887 0.000162838 -0.000162838
-94.0252 0.000459942 -0.000459942
-154.794 0.000757205 -0.000757205
-215.568 0.00105449 -0.00105449
-276.301 0.00135158 -0.00135158
-337.213 0.00164953 -0.00164953
-397.844 0.00194612 -0.00194612
-458.645 0.00224353 -0.00224353
-519.284 0.00254016 -0.00254016
-580.06 0.00283744 -0.00283744
-640.848 0.00313478 -0.00313478
-701.611 0.00343201 -0.00343201
-762.424 0.00372947 -0.00372947
-823.113 0.00402632 -0.00402632
-883.901 0.00432366 -0.00432366
-944.84 0.00462172 -0.00462172
-1005.31 0.0049175 -0.0049175
-1066.13 0.00521499 -0.00521499
-1126.89 0.00551218 -0.00551218
-1185.78 0.00580021 -0.00580021
-1185.78 0.00580021 -0.00580021
-1123.32 0.00549468 -0.00549468
-1061.42 0.00519194 -0.00519194
-1000.21 0.00489253 -0.00489253
-939.11 0.0045937 -0.0045937
-878.323 0.00429637 -0.00429637
-817.603 0.00399937 -0.00399937
-756.813 0.00370202 -0.00370202
-696.071 0.00340491 -0.00340491
-635.243 0.00310737 -0.00310737
-574.463 0.00281007 -0.00281007
-513.723 0.00251295 -0.00251295
-452.884 0.00221535 -0.00221535
-392.15 0.00191827 -0.00191827
-331.445 0.00162132 -0.00162132
-270.666 0.00132401 -0.00132401
-210.003 0.00102727 -0.00102727
-149.239 0.000730029 -0.000730029
-88.4833 0.000432833 -0.000432833
-27.7211 0.000135603 -0.000135603
33.0588 -0.000161713 0.000161713
93.9379 -0.000459515 0.000459515
154.648 -0.000756489 0.000756489
215.438 -0.00105385 0.00105385
276.15 -0.00135084 0.00135084
336.963 -0.00164831 0.00164831
397.691 -0.00194537 0.00194537
458.479 -0.00224272 0.00224272
519.315 -0.0025403 0.0025403
579.823 -0.00283628 0.00283628
640.791 -0.00313451 0.00313451
701.485 -0.00343139 0.00343139
762.187 -0.00372831 0.00372831
822.943 -0.00402549 0.00402549
883.619 -0.00432228 0.00432228
944.542 -0.00462026 0.00462026
1005.31 -0.00491752 0.00491752
1066.08 -0.00521475 0.00521475
1126.82 -0.00551183 0.00551183
1185.62 -0.00579942 0.00579942
1185.62 -0.00579942 0.00579942
1123.41 -0.00549515 0.00549515
1061.48 -0.00519225 0.00519225
1000.25 -0.00489276 0.00489276
939.447 -0.00459534 0.00459534
878.549 -0.00429748 0.00429748
817.855 -0.0040006 0.0040006
757.678 -0.00370626 0.00370626
695.864 -0.00340389 0.00340389
635.195 -0.00310714 0.00310714
574.655 -0.002811 0.002811
513.803 -0.00251334 0.00251334
453.107 -0.00221645 0.00221645
392.318 -0.00191909 0.00191909
331.7 -0.00162257 0.00162257
270.837 -0.00132485 0.00132485
210.084 -0.00102766 0.00102766
149.121 -0.000729455 0.000729455
88.481 -0.000432822 0.000432822
27.6983 -0.000135491 0.000135491
-32.9969 0.000161411 -0.000161411
-93.7735 0.000458711 -0.000458711
-154.489 0.000755711 -0.000755711
-215.288 0.00105312 -0.00105312
-276.009 0.00135015 -0.00135015
-337.006 0.00164852 -0.00164852
-397.571 0.00194478 -0.00194478
-458.348 0.00224208 -0.00224208
-518.993 0.00253873 -0.00253873
-579.767 0.00283601 -0.00283601
-640.615 0.00313365 -0.00313365
-701.272 0.00343035 -0.00343035
-762.053 0.00372766 -0.00372766
-822.96 0.00402557 -0.00402557
-883.647 0.00432241 -0.00432241
-944.364 0.00461939 -0.00461939
-1005.09 0.00491642 -0.00491642
-1066.01 0.00521438 -0.00521438
-1126.94 0.00551238 -0.00551238
-1185.68 0.00579969 -0.00579969
-1185.68 0.00579969 -0.00579969
-1092.26 0.00534279 -0.00534279
-1000.02 0.00489163 -0.00489163
-908.44 0.00444368 -0.00444368
-816.79 0.00399539 -0.00399539
-725.5 0.00354886 -0.00354886
-634.465 0.00310357 -0.00310357
-543.193 0.00265711 -0.00265711
-452.058 0.00221131 -0.00221131
-360.932 0.00176556 -0.00176556
-269.84 0.00131997 -0.00131997
-178.757 0.000874423 -0.000874423
-87.5202 0.000428121 -0.000428121
3.68308 -1.80165e-05 1.80165e-05
94.6865 -0.000463177 0.000463177
185.885 -0.00090929 0.00090929
277.131 -0.00135563 0.00135563
368.061 -0.00180043 0.00180043
459.434 -0.00224739 0.00224739
550.239 -0.00269157 0.00269157
641.638 -0.00313865 0.00313865
732.716 -0.00358416 0.00358416
823.809 -0.00402973 0.00402973
914.868 -0.00447512 0.00447512
1006.16 -0.00492165 0.00492165
1097.32 -0.00536751 0.00536751
1188.52 -0.0058136 0.0058136
1279.48 -0.00625848 0.00625848
1370.67 -0.00670448 0.00670448
1392.19 -0.00739542 0.00739542
1395.83 -0.00814644 0.00814644
1399.46 -0.00889643 0.00889643
1403.11 -0.00964852 0.00964852
1404.83 -0.010003 0.010003
1314.03 -0.0095576 0.0095576
1221.51 -0.0091037 0.0091037
1129.77 -0.00865363 0.00865363
1038.62 -0.00820646 0.00820646
947.983 -0.0077618 0.0077618
856.092 -0.00731097 0.00731097
765.133 -0.00686469 0.00686469
674.149 -0.00641829 0.00641829
583.197 -0.00597204 0.00597204
492.239 -0.00552575 0.00552575
401.434 -0.0050802 0.0050802
310.252 -0.00463281 0.00463281
219.256 -0.00418631 0.00418631
128.365 -0.00374033 0.00374033
37.509 -0.00329452 0.00329452
-53.7054 -0.00284695 0.00284695
-144.679 -0.00240055 0.00240055
-235.445 -0.00195517 0.00195517
-326.491 -0.00150843 0.00150843
-417.41 -0.0010623 0.0010623
-508.39 -0.000615878 0.000615878
-599.401 -0.000169303 0.000169303
-690.385 0.000277136 -0.000277136
-781.486 0.000724142 -0.000724142
-872.36 0.00117003 -0.00117003
-963.357 0.00161652 -0.00161652
-1054.23 0.00206242 -0.00206242
-1145.29 0.00250917 -0.00250917
-1236.31 0.00295576 -0.00295576
-1327.36 0.00340248 -0.00340248
-1371.16 0.00401382 -0.00401382
-1374.77 0.00476459 -0.00476459
-1378.39 0.00551619 -0.00551619
-1382.01 0.00626769 -0.00626769
-1385.63 0.00701852 -0.00701852
-1389.26 0.00777053 -0.00777053
-1392.88 0.00852125 -0.00852125
-1396.51 0.00927386 -0.00927386
-1400.12 0.0100211 -0.0100211
-1400.12 0.0100211 -0.0100211
-1309.61 0.00957435 -0.00957435
-1217.33 0.00911883 -0.00911883
-1125.99 0.008668 -0.008668
-1034.96 0.00821862 -0.00821862
-944.241 0.0077708 -0.0077708
-853.516 0.00732294 -0.00732294
-762.772 0.00687497 -0.00687497
-672.121 0.00642746 -0.00642746
-581.473 0.00597995 -0.00597995
-490.767 0.00553214 -0.00553214
-400.064 0.00508435 -0.00508435
-309.651 0.00463798 -0.00463798
-218.91 0.00418999 -0.00418999
-128.28 0.00374254 -0.00374254
-37.6364 0.00329502 -0.00329502
53.0839 0.00284712 -0.00284712
143.851 0.00239899 -0.00239899
234.37 0.00195207 -0.00195207
324.897 0.00150513 -0.00150513
415.631 0.00105716 -0.00105716
506.131 0.000610344 -0.000610344
596.95 0.000161956 -0.000161956
687.511 -0.000285151 0.000285151
778.239 -0.000733083 0.000733083
868.976 -0.00118105 0.00118105
959.462 -0.00162778 0.00162778
1050.15 -0.00207551 0.00207551
1140.94 -0.00252371 0.00252371
1231.65 -0.00297152 0.00297152
1322.17 -0.00341837 0.00341837
1366.58 -0.00402779 0.00402779
1370.18 -0.00477945 0.00477945
1373.78 -0.00553098 0.00553098
1377.38 -0.00628184 0.00628184
1380.98 -0.00703357 0.00703357
1384.59 -0.00778445 0.00778445
1388.19 -0.00853642 0.00853642
1391.81 -0.0092888 0.0092888
1395.39 -0.0100358 0.0100358
1395.39 -0.0100358 0.0100358
1305.64 -0.00959004 0.00959004
1213.7 -0.00913341 0.00913341
1122.72 -0.00868152 0.00868152
1032.09 -0.00823141 0.00823141
941.996 -0.00778389 0.00778389
850.964 -0.00733173 0.00733173
760.53 -0.00688253 0.00688253
670.306 -0.00643436 0.00643436
580.067 -0.00598612 0.00598612
489.674 -0.00553709 0.00553709
399.451 -0.00508891 0.00508891
309.102 -0.0046401 0.0046401
218.723 -0.00419113 0.00419113
128.452 -0.00374269 0.00374269
38.2108 -0.0032944 0.0032944
-52.3091 -0.00284472 0.00284472
-142.608 -0.00239614 0.00239614
-232.953 -0.00194733 0.00194733
-323.243 -0.00149879 0.00149879
-413.499 -0.00105042 0.00105042
-503.739 -0.000602132 0.000602132
-594.009 -0.000153698 0.000153698
-684.374 0.000295211 -0.000295211
-774.701 0.000743921 -0.000743921
-865.105 0.00119301 -0.00119301
-955.21 0.00164061 -0.00164061
-1045.7 0.0020901 -0.0020901
-1136.02 0.00253877 -0.00253877
-1226.47 0.00298804 -0.00298804
-1316.78 0.00343664 -0.00343664
-1361.95 0.00404259 -0.00404259
-1365.53 0.00479399 -0.00479399
-1369.12 0.00554532 -0.00554532
-1372.71 0.00629841 -0.00629841
-1376.3 0.00705053 -0.00705053
-1379.87 0.00779974 -0.00779974
-1383.46 0.0085517 -0.0085517
-1387.05 0.00930365 -0.00930365
-1390.63 0.0100526 -0.0100526
-1390.63 0.0100526 -0.0100526
-1279.01 0.00949484 -0.00949484
-1164.73 0.00892374 -0.00892374
-1051.45 0.00835761 -0.00835761
-938.691 0.00779409 -0.00779409
-826.039 0.00723106 -0.00723106
-713.451 0.00666834 -0.00666834
-600.813 0.00610536 -0.00610536
-488.374 0.00554337 -0.00554337
-375.767 0.00498052 -0.00498052
-263.408 0.00441891 -0.00441891
-150.759 0.00385583 -0.00385583
-38.3093 0.00329375 -0.00329375
74.0795 0.00273197 -0.00273197
186.499 0.00217004 -0.00217004
299.015 0.00160762 -0.00160762
411.539 0.00104516 -0.00104516
524.107 0.000482487 -0.000482487
636.532 -7.94728e-05 7.94728e-05
748.985 -0.000641566 0.000641566
861.392 -0.00120342 0.00120342
974.026 -0.0017664 0.0017664
1086.49 -0.00232854 0.00232854
1199 -0.00289086 0.00289086
1311.4 -0.00345266 0.00345266
1358.21 -0.00424502 0.00424502
1362.67 -0.00518569 0.00518569
1367.13 -0.00612532 0.00612532
1371.59 -0.00706461 0.00706461
1376.04 -0.00800263 0.00800263
1380.51 -0.00894388 0.00894388
1384.97 -0.00988287 0.00988287
1389.44 -0.0108234 0.0108234
1393.91 -0.0117632 0.0117632
1398.37 -0.0127027 0.0127027
1402.84 -0.013642 0.013642
1407.31 -0.0145808 0.0145808
1409.1 -0.0149583 0.0149583
1293.76 -0.0143755 0.0143755
1180.17 -0.0138016 0.0138016
1067.47 -0.0132321 0.0132321
955.304 -0.0126653 0.0126653
843.597 -0.0121008 0.0121008
731.533 -0.0115345 0.0115345
619.677 -0.0109692 0.0109692
507.968 -0.0104046 0.0104046
396.347 -0.00984051 0.00984051
284.342 -0.00927442 0.00927442
172.676 -0.00871003 0.00871003
60.7969 -0.00814455 0.00814455
-50.9788 -0.00757959 0.00757959
-162.68 -0.007015 0.007015
-274.405 -0.00645028 0.00645028
-386.108 -0.00588566 0.00588566
-497.793 -0.00532113 0.00532113
-609.645 -0.00475576 0.00475576
-721.23 -0.00419174 0.00419174
-833.036 -0.0036266 0.0036266
-944.812 -0.00306162 0.00306162
-1056.59 -0.00249662 0.00249662
-1168.39 -0.00193154 0.00193154
-1280.24 -0.00136621 0.00136621
-1323.42 -0.000562608 0.000562608
-1327.82 0.000378006 -0.000378006
-1332.2 0.00131732 -0.00131732
-1336.59 0.00225683 -0.00225683
-1340.99 0.00319687 -0.00319687
-1345.38 0.00413702 -0.00413702
-1349.77 0.00507553 -0.00507553
-1354.17 0.00601604 -0.00601604
-1358.57 0.00695553 -0.00695553
-1362.97 0.00789519 -0.00789519
-1367.37 0.00883574 -0.00883574
-1371.77 0.00977482 -0.00977482
-1376.17 0.0107136 -0.0107136
-1380.58 0.0116544 -0.0116544
-1384.98 0.0125943 -0.0125943
-1389.39 0.0135336 -0.0135336
-1393.8 0.0144746 -0.0144746
-1396.28 0.0150019 -0.0150019
-1282.29 0.0144167 -0.0144167
-1169.72 0.0138387 -0.0138387
-1058.21 0.0132663 -0.0132663
-947.2 0.0126963 -0.0126963
-836.249 0.0121266 -0.0121266
-725.474 0.0115578 -0.0115578
-614.885 0.01099 -0.01099
-503.992 0.0104205 -0.0104205
-393.25 0.00985185 -0.00985185
-282.495 0.00928308 -0.00928308
-171.822 0.00871473 -0.00871473
-61.2768 0.00814703 -0.00814703
49.5196 0.00757802 -0.00757802
160.296 0.00700911 -0.00700911
270.914 0.00644101 -0.00644101
381.677 0.00587216 -0.00587216
492.374 0.00530364 -0.00530364
602.997 0.0047355 -0.0047355
713.77 0.00416659 -0.00416659
824.536 0.00359772 -0.00359772
935.205 0.00302935 -0.00302935
1045.99 0.00246041 -0.00246041
1156.66 0.00189202 -0.00189202
1267.35 0.00132356 -0.00132356
1311.64 0.000523523 -0.000523523
1315.96 -0.000415793 0.000415793
1320.3 -0.00135769 0.00135769
1324.63 -0.00229606 0.00229606
1328.96 -0.00323635 0.00323635
1333.29 -0.00417608 0.00417608
1337.63 -0.00511669 0.00511669
1341.96 -0.00605622 0.00605622
1346.3 -0.00699603 0.00699603
1350.64 -0.00793651 0.00793651
1354.98 -0.00887543 0.00887543
1359.32 -0.00981609 0.00981609
1363.66 -0.0107563 0.0107563
1368.01 -0.0116969 0.0116969
1372.36 -0.0126373 0.0126373
1376.7 -0.0135764 0.0135764
1381.05 -0.0145166 0.0145166
1383.51 -0.0150467 0.0150467
1270.68 -0.0144582 0.0144582
1159.46 -0.0138779 0.0138779
1048.95 -0.0133014 0.0133014
938.89 -0.0127272 0.0127272
829.123 -0.0121545 0.0121545
719.308 -0.0115815 0.0115815
609.582 -0.0110089 0.0110089
499.867 -0.0104365 0.0104365
390.41 -0.00986529 0.00986529
280.435 -0.00929141 0.00929141
170.824 -0.00871941 0.00871941
61.2348 -0.00814752 0.00814752
-48.5276 -0.00757472 0.00757472
-158.139 -0.00700269 0.00700269
-267.718 -0.00643083 0.00643083
-377.344 -0.00585872 0.00585872
-486.987 -0.00528652 0.00528652
-596.781 -0.00471352 0.00471352
-706.16 -0.0041427 0.0041427
-815.922 -0.00356987 0.00356987
-925.624 -0.00299736 0.00299736
-1035.16 -0.00242574 0.00242574
-1144.89 -0.00185306 0.00185306
-1254.63 -0.0012804 0.0012804
-1299.46 -0.0004828 0.0004828
-1303.72 0.000456475 -0.000456475
-1307.99 0.00139833 -0.00139833
-1312.26 0.00233771 -0.00233771
-1316.53 0.00327796 -0.00327796
-1320.8 0.00421842 -0.00421842
-1325.07 0.0051582 -0.0051582
-1329.34 0.00609815 -0.00609815
-1333.62 0.00703908 -0.00703908
-1337.89 0.00797839 -0.00797839
-1342.18 0.00891956 -0.00891956
-1346.45 0.00985865 -0.00985865
-1350.73 0.0107994 -0.0107994
-1355.01 0.0117388 -0.0117388
-1359.3 0.0126796 -0.0126796
-1363.58 0.0136194 -0.0136194
-1367.87 0.0145594 -0.0145594
-1370.29 0.015092 -0.015092
-1221.74 0.0143045 -0.0143045
-1075.04 0.0135267 -0.0135267
-929.258 0.0127538 -0.0127538
-784.073 0.0119839 -0.0119839
-639.164 0.0112155 -0.0112155
-494.244 0.0104471 -0.0104471
-349.43 0.00967911 -0.00967911
-204.611 0.0089111 -0.0089111
-59.9148 0.00814373 -0.00814373
85.0599 0.00737487 -0.00737487
229.841 0.00660701 -0.00660701
374.515 0.00583972 -0.00583972
519.326 0.0050717 -0.0050717
664.16 0.00430354 -0.00430354
808.904 0.00353588 -0.00353588
953.69 0.00276799 -0.00276799
1098.46 0.00200018 -0.00200018
1243.3 0.00123202 -0.00123202
1288.73 0.000118019 -0.000118019
1294.34 -0.00113703 0.00113703
1299.95 -0.00239028 0.00239028
1305.56 -0.00364467 0.00364467
1311.17 -0.00489764 0.00489764
1316.79 -0.006152 0.006152
1322.4 -0.00740588 0.00740588
1328.02 -0.00865871 0.00865871
1333.64 -0.00991264 0.00991264
1339.28 -0.0111688 0.0111688
1344.9 -0.0124227 0.0124227
1350.52 -0.0136738 0.0136738
1356.17 -0.0149307 0.0149307
1361.8 -0.0161833 0.0161833
1367.43 -0.0174368 0.0174368
1373.07 -0.0186912 0.0186912
1378.72 -0.0199459 0.0199459
1384.37 -0.0212009 0.0212009
1390.01 -0.0224533 0.0224533
1395.67 -0.023708 0.023708
1401.15 -0.0249239 0.0249239
1401.15 -0.0249239 0.0249239
1255.38 -0.0241302 0.0241302
1110.71 -0.0233424 0.0233424
967.124 -0.0225604 0.0225604
824.299 -0.0217825 0.0217825
681.396 -0.0210041 0.0210041
538.855 -0.0202276 0.0202276
396.438 -0.0194518 0.0194518
253.92 -0.0186753 0.0186753
111.314 -0.0178984 0.0178984
-31.1167 -0.0171223 0.0171223
-173.647 -0.0163457 0.0163457
-315.948 -0.0155703 0.0155703
-458.449 -0.0147938 0.0147938
-600.747 -0.0140184 0.0140184
-743.241 -0.0132419 0.0132419
-885.78 -0.0124651 0.0124651
-1028.14 -0.0116893 0.0116893
-1170.64 -0.0109127 0.0109127
-1217.05 -0.00980268 0.00980268
-1222.45 -0.00854729 0.00854729
-1227.83 -0.00729359 0.00729359
-1233.23 -0.00603771 0.00603771
-1238.62 -0.00478372 0.00478372
-1244.02 -0.00352986 0.00352986
-1249.41 -0.00227569 0.00227569
-1254.82 -0.00102117 0.00102117
-1260.22 0.00023457 -0.00023457
-1265.63 0.00148906 -0.00148906
-1271.03 0.00274276 -0.00274276
-1276.45 0.0039991 -0.0039991
-1281.86 0.00525247 -0.00525247
-1287.27 0.00650749 -0.00650749
-1292.69 0.00776217 -0.00776217
-1298.1 0.0090143 -0.0090143
-1303.53 0.0102705 -0.0102705
-1308.95 0.011526 -0.011526
-1314.37 0.012779 -0.012779
-1319.8 0.014033 -0.014033
-1325.24 0.0152899 -0.0152899
-1330.67 0.0165441 -0.0165441
-1336.1 0.0177974 -0.0177974
-1341.55 0.0190532 -0.0190532
-1346.99 0.0203072 -0.0203072
-1352.44 0.0215635 -0.0215635
-1357.89 0.0228185 -0.0228185
-1363.33 0.024073 -0.024073
-1367.55 0.0250423 -0.0250423
-1225.03 0.0242369 -0.0242369
-1083.7 0.0234382 -0.0234382
-943.579 0.0226462 -0.0226462
-803.832 0.0218564 -0.0218564
-664.178 0.0210669 -0.0210669
-524.922 0.0202797 -0.0202797
-385.574 0.0194919 -0.0194919
-246.179 0.0187038 -0.0187038
-107.035 0.0179171 -0.0179171
32.3575 0.0171289 -0.0171289
171.426 0.0163425 -0.0163425
310.857 0.0155541 -0.0155541
450.095 0.0147667 -0.0147667
589.276 0.0139796 -0.0139796
728.398 0.0131928 -0.0131928
867.719 0.0124049 -0.0124049
1006.83 0.0116182 -0.0116182
1146.21 0.0108299 -0.0108299
1189.23 0.00970813 -0.00970813
1194.41 0.00845416 -0.00845416
1199.61 0.00719714 -0.00719714
1204.8 0.0059429 -0.0059429
1210 0.0046875 -0.0046875
1215.19 0.00343227 -0.00343227
1220.4 0.00217626 -0.00217626
1225.6 0.000921772 -0.000921772
1230.8 -0.00033447 0.00033447
1236.01 -0.00159003 0.00159003
1241.21 -0.00284378 0.00284378
1246.42 -0.00409931 0.00409931
1251.64 -0.00535457 0.00535457
1256.86 -0.00661092 0.00661092
1262.07 -0.00786599 0.00786599
1267.29 -0.00912012 0.00912012
1272.51 -0.0103763 0.0103763
1277.74 -0.0116318 0.0116318
1282.96 -0.0128871 0.0128871
1288.19 -0.0141427 0.0141427
1293.42 -0.0153975 0.0153975
1298.66 -0.0166542 0.0166542
1303.89 -0.0179084 0.0179084
1309.13 -0.0191632 0.0191632
1314.37 -0.0204187 0.0204187
1319.63 -0.0216763 0.0216763
1324.87 -0.0229298 0.0229298
1330.12 -0.0241861 0.0241861
1334.18 -0.0251572 0.0251572
1195.57 -0.0243439 0.0243439
1057.44 -0.0235333 0.0235333
920.383 -0.0227291 0.0227291
784.008 -0.0219287 0.0219287
647.635 -0.0211283 0.0211283
511.472 -0.0203291 0.0203291
375.341 -0.01953 0.01953
239.274 -0.0187312 0.0187312
103.276 -0.0179328 0.0179328
-32.7772 -0.0171341 0.0171341
-168.792 -0.0163355 0.0163355
-304.872 -0.0155365 0.0155365
-440.793 -0.0147385 0.0147385
-576.811 -0.0139398 0.0139398
-712.872 -0.0131409 0.0131409
-848.905 -0.0123421 0.0123421
-984.851 -0.0115438 0.0115438
-1121.02 -0.0107442 0.0107442
-1158.83 -0.00960309 0.00960309
-1163.79 -0.00834906 0.00834906
-1168.77 -0.00709141 0.00709141
-1173.75 -0.00583609 0.00583609
-1178.73 -0.00458049 0.00458049
-1183.7 -0.00332556 0.00332556
-1188.69 -0.00206831 0.00206831
-1193.67 -0.000812673 0.000812673
-1198.66 0.000442797 -0.000442797
-1203.65 0.00169924 -0.00169924
-1208.64 0.00295624 -0.00295624
-1213.63 0.00421043 -0.00421043
-1218.62 0.00546695 -0.00546695
-1223.63 0.00672412 -0.00672412
-1228.63 0.00797991 -0.00797991
-1233.62 0.00923536 -0.00923536
-1238.63 0.0104918 -0.0104918
-1243.64 0.0117484 -0.0117484
-1248.64 0.0130038 -0.0130038
-1253.66 0.0142599 -0.0142599
-1258.67 0.0155156 -0.0155156
-1263.69 0.0167727 -0.0167727
-1268.7 0.0180284 -0.0180284
-1273.72 0.0192846 -0.0192846
-1278.75 0.0205402 -0.0205402
-1283.78 0.0217981 -0.0217981
-1288.81 0.0230544 -0.0230544
-1293.84 0.0243104 -0.0243104
-1297.75 0.0252861 -0.0252861
-1162.66 0.0244628 -0.0244628
-1027.84 0.023641 -0.023641
-894.049 0.0228254 -0.0228254
-760.811 0.0220132 -0.0220132
-627.836 0.0212025 -0.0212025
-494.757 0.0203911 -0.0203911
-362.017 0.0195817 -0.0195817
-229.32 0.0187725 -0.0187725
-96.4364 0.0179622 -0.0179622
36.4966 0.0171515 -0.0171515
169.114 0.0163427 -0.0163427
301.907 0.0155327 -0.0155327
434.798 0.0147222 -0.0147222
567.623 0.0139121 -0.0139121
700.331 0.0131026 -0.0131026
833.185 0.0122922 -0.0122922
965.916 0.0114826 -0.0114826
1098.62 0.0106731 -0.0106731
1128.31 0.00950343 -0.00950343
1133.07 0.00824494 -0.00824494
1137.82 0.00699022 -0.00699022
1142.58 0.00573319 -0.00573319
1147.34 0.00447608 -0.00447608
1152.11 0.00321946 -0.00321946
1156.87 0.00196249 -0.00196249
1161.63 0.000706808 -0.000706808
1166.41 -0.000551101 0.000551101
1171.18 -0.00180829 0.00180829
1175.95 -0.00306437 0.00306437
1180.72 -0.00432084 0.00432084
1185.5 -0.00557803 0.00557803
1190.28 -0.00683387 0.00683387
1195.06 -0.00809165 0.00809165
1199.85 -0.00934839 0.00934839
1204.63 -0.0106042 0.0106042
1209.42 -0.0118624 0.0118624
1214.21 -0.0131177 0.0131177
1219 -0.0143756 0.0143756
1223.8 -0.0156318 0.0156318
1228.6 -0.0168894 0.0168894
1233.4 -0.0181457 0.0181457
1238.2 -0.0194032 0.0194032
1243.01 -0.0206605 0.0206605
1247.81 -0.0219168 0.0219168
1252.63 -0.0231756 0.0231756
1257.43 -0.0244309 0.0244309
1262.25 -0.0256888 0.0256888
1267.07 -0.0269449 0.0269449
1271.89 -0.0282037 0.0282037
1276.72 -0.0294608 0.0294608
1281.54 -0.0307181 0.0307181
1286.38 -0.0319763 0.0319763
1291.21 -0.0332332 0.0332332
1296.04 -0.034491 0.034491
1298.85 -0.0352209 0.0352209
1168.4 -0.0343845 0.0343845
1037.9 -0.0335477 0.0335477
908.356 -0.0327169 0.0327169
779.404 -0.0318899 0.0318899
650.512 -0.0310631 0.0310631
521.882 -0.030238 0.030238
393.33 -0.0294133 0.0294133
264.596 -0.0285873 0.0285873
135.822 -0.0277611 0.0277611
7.38719 -0.0269369 0.0269369
-121.193 -0.0261118 0.0261118
-249.665 -0.0252873 0.0252873
-378.274 -0.0244618 0.0244618
-506.858 -0.0236365 0.0236365
-635.388 -0.0228115 0.0228115
-763.918 -0.0219865 0.0219865
-892.386 -0.0211618 0.0211618
-1020.88 -0.0203369 0.0203369
-1038.75 -0.0191258 0.0191258
-1043.09 -0.0178685 0.0178685
-1047.45 -0.0166096 0.0166096
-1051.79 -0.0153525 0.0153525
-1056.15 -0.0140945 0.0140945
-1060.51 -0.0128351 0.0128351
-1064.86 -0.0115762 0.0115762
-1069.22 -0.0103191 0.0103191
-1073.58 -0.00906011 0.00906011
-1077.94 -0.00780313 0.00780313
-1082.3 -0.00654482 0.00654482
-1086.67 -0.00528636 0.00528636
-1091.03 -0.0040293 0.0040293
-1095.4 -0.00276981 0.00276981
-1099.77 -0.00151239 0.00151239
-1104.14 -0.000254446 0.000254446
-1108.52 0.00100445 -0.00100445
-1112.89 0.00226154 -0.00226154
-1117.27 0.00351972 -0.00351972
-1121.65 0.00477866 -0.00477866
-1126.03 0.00603534 -0.00603534
-1130.42 0.00729451 -0.00729451
-1134.8 0.00855282 -0.00855282
-1139.19 0.00981041 -0.00981041
-1143.58 0.0110688 -0.0110688
-1147.97 0.0123263 -0.0123263
-1152.36 0.0135842 -0.0135842
-1156.76 0.0148443 -0.0148443
-1161.16 0.0161016 -0.0161016
-1165.56 0.0173612 -0.0173612
-1169.96 0.0186187 -0.0186187
-1174.37 0.0198767 -0.0198767
-1178.78 0.0211355 -0.0211355
-1183.19 0.022394 -0.022394
-1187.61 0.0236536 -0.0236536
-1192.02 0.0249115 -0.0249115
-1196.44 0.0261695 -0.0261695
-1200.86 0.0274284 -0.0274284
-1205.28 0.0286867 -0.0286867
-1209.71 0.029945 -0.029945
-1214.13 0.0312037 -0.0312037
-1218.57 0.0324641 -0.0324641
-1223.01 0.0337231 -0.0337231
-1223.04 0.0349957 -0.0349957
-1217.66 0.0355054 -0.0355054
-1092.65 0.0346528 -0.0346528
-967.139 0.0337968 -0.0337968
-842.926 0.0329495 -0.0329495
-719.027 0.0321043 -0.0321043
-595.32 0.0312603 -0.0312603
-471.668 0.0304166 -0.0304166
-348.075 0.0295732 -0.0295732
-224.449 0.0287296 -0.0287296
-101.003 0.0278871 -0.0278871
22.3211 0.0270453 -0.0270453
145.777 0.0262027 -0.0262027
269.251 0.0253598 -0.0253598
392.829 0.0245162 -0.0245162
516.384 0.0236727 -0.0236727
639.68 0.0228309 -0.0228309
763.074 0.0219884 -0.0219884
886.593 0.021145 -0.021145
980.539 0.0202001 -0.0202001
984.483 0.0189395 -0.0189395
988.426 0.0176799 -0.0176799
992.369 0.0164208 -0.0164208
996.314 0.0151613 -0.0151613
1000.26 0.0139015 -0.0139015
1004.21 0.012642 -0.012642
1008.16 0.0113825 -0.0113825
1012.11 0.0101235 -0.0101235
1016.07 0.00886304 -0.00886304
1020.02 0.0076051 -0.0076051
1023.98 0.00634368 -0.00634368
1027.93 0.00508584 -0.00508584
1031.9 0.00382378 -0.00382378
1035.86 0.00256482 -0.00256482
1039.82 0.00130603 -0.00130603
1043.78 4.6231e-05 -4.6231e-05
1047.75 -0.00121303 0.00121303
1051.72 -0.00247265 0.00247265
1055.69 -0.0037323 0.0037323
1059.66 -0.00499048 0.00499048
1063.63 -0.00625093 0.00625093
1067.61 -0.00751017 0.00751017
1071.58 -0.0087693 0.0087693
1075.57 -0.0100294 0.0100294
1079.55 -0.0112893 0.0112893
1083.53 -0.0125478 0.0125478
1087.52 -0.0138091 0.0138091
1091.5 -0.0150675 0.0150675
1095.49 -0.0163276 0.0163276
1099.49 -0.0175869 0.0175869
1103.48 -0.0188466 0.0188466
1107.48 -0.0201065 0.0201065
1111.48 -0.0213661 0.0213661
1115.48 -0.0226268 0.0226268
1119.48 -0.023887 0.023887
1123.49 -0.0251463 0.0251463
1127.5 -0.026406 0.026406
1131.51 -0.0276664 0.0276664
1135.52 -0.0289265 0.0289265
1139.54 -0.0301866 0.0301866
1143.56 -0.0314476 0.0314476
1147.58 -0.0327072 0.0327072
1141.64 -0.0340033 0.0340033
1129.05 -0.03532 0.03532
1124.18 -0.0358292 0.0358292
1004.68 -0.0349616 0.0349616
884.632 -0.03409 0.03409
765.273 -0.0332232 0.0332232
646.575 -0.0323611 0.0323611
527.869 -0.0314989 0.0314989
409.363 -0.030638 0.030638
290.745 -0.0297763 0.0297763
172.428 -0.0289167 0.0289167
53.9041 -0.0280555 0.0280555
-64.5439 -0.0271948 0.0271948
-182.951 -0.0263343 0.0263343
-301.277 -0.0254744 0.0254744
-419.722 -0.0246135 0.0246135
-538.098 -0.0237531 0.0237531
-656.49 -0.0228926 0.0228926
-774.824 -0.0220324 0.0220324
-893.158 -0.0211722 0.0211722
-916.695 -0.0199807 0.0199807
-920.159 -0.0187187 0.0187187
-923.62 -0.0174585 0.0174585
-927.085 -0.0161969 0.0161969
-930.552 -0.0149355 0.0149355
-934.019 -0.0136744 0.0136744
-937.487 -0.0124135 0.0124135
-940.956 -0.0111527 0.0111527
-944.435 -0.00988916 0.00988916
-947.904 -0.00862947 0.00862947
-951.377 -0.00736862 0.00736862
-954.853 -0.00610757 0.00610757
-958.333 -0.00484576 0.00484576
-961.812 -0.00358444 0.00358444
-965.291 -0.00232383 0.00232383
-968.776 -0.001062 0.001062
-972.258 0.0001985 -0.0001985
-975.745 0.00146024 -0.00146024
-979.236 0.00272263 -0.00272263
-982.721 0.00398233 -0.00398233
-986.212 0.00524388 -0.00524388
-989.708 0.00650636 -0.00650636
-993.198 0.00776599 -0.00776599
-996.691 0.00902594 -0.00902594
-1000.19 0.0102881 -0.0102881
-1003.69 0.0115492 -0.0115492
-1007.2 0.0128126 -0.0128126
-1010.7 0.0140732 -0.0140732
-1014.2 0.015333 -0.015333
-1017.71 0.0165961 -0.0165961
-1021.22 0.0178561 -0.0178561
-1024.73 0.0191181 -0.0191181
-1028.25 0.0203799 -0.0203799
-1031.76 0.0216408 -0.0216408
-1035.28 0.0229018 -0.0229018
-1038.8 0.0241642 -0.0241642
-1042.32 0.0254263 -0.0254263
-1045.85 0.0266881 -0.0266881
-1049.37 0.0279489 -0.0279489
-1052.9 0.0292113 -0.0292113
-1056.43 0.0304723 -0.0304723
-1056.48 0.0317472 -0.0317472
-1045.44 0.0330596 -0.0330596
-1034.38 0.0343735 -0.0343735
-1023.34 0.0356857 -0.0356857
-1019.03 0.0361978 -0.0361978
-905.194 0.0353176 -0.0353176
-789.909 0.0344261 -0.0344261
-675.656 0.0335425 -0.0335425
-561.898 0.0326626 -0.0326626
-448.088 0.0317823 -0.0317823
-334.641 0.0309046 -0.0309046
-221.131 0.0300264 -0.0300264
-107.699 0.0291487 -0.0291487
5.82051 0.0282703 -0.0282703
119.227 0.0273927 -0.0273927
232.666 0.0265148 -0.0265148
346.068 0.0256371 -0.0256371
459.57 0.0247586 -0.0247586
572.999 0.0238806 -0.0238806
686.312 0.0230034 -0.0230034
799.688 0.0221258 -0.0221258
844.139 0.0210081 -0.0210081
847.082 0.0197442 -0.0197442
850.025 0.0184808 -0.0184808
852.967 0.0172182 -0.0172182
855.915 0.0159537 -0.0159537
858.862 0.0146902 -0.0146902
861.803 0.0134298 -0.0134298
864.752 0.0121666 -0.0121666
867.703 0.010903 -0.010903
