0 0 0
0.1 0 0
0.2 0 0
0.3 0 0
0.4 0 0
0.5 0 0
0.6 0 0
0.7 0 0
0.8 0 0
0.9 0 0
1 0 0
0 0 0
0.0700053 0 0
5.62248 0 0
20.9067 0 0
36.4139 0 0
51.5978 0 0
66.6963 0 0
82.0304 0 0
96.9699 0 0
112.334 0 0
127.548 0 0
142.727 0 0
157.957 0 0
173.193 0 0
188.185 0 0
203.518 0 0
218.605 0 0
233.869 0 0
249.009 0 0
264.295 0 0
279.42 0 0
294.701 0 0
309.924 0 0
325.055 0 0
340.196 0 0
355.432 0 0
370.501 0 0
385.755 0 0
400.984 0 0
416.081 0 0
431.185 0 0
444.544 0 0
429.242 0 0
413.866 0 0
398.631 0 0
383.267 0 0
367.993 0 0
352.715 0 0
337.701 0 0
322.384 0 0
307.199 0 0
292.043 0 0
276.962 0 0
261.677 0 0
246.484 0 0
231.286 0 0
216.114 0 0
200.98 0 0
185.674 0 0
170.515 0 0
155.301 0 0
140.054 0 0
124.88 0 0
109.798 0 0
94.6977 0 0
79.4047 0 0
64.2662 0 0
48.9163 0 0
33.919 0 0
18.537 0 0
3.40154 0 0
-11.7609 0 0
-26.8716 0 0
-41.9885 0 0
-57.3509 0 0
-72.4527 0 0
-87.7489 0 0
-102.937 0 0
-118.098 0 0
-133.375 0 0
-148.425 0 0
-163.57 0 0
-178.941 0 0
-193.931 0 0
-209.149 0 0
-224.31 0 0
-239.581 0 0
-254.804 0 0
-270.023 0 0
-285.22 0 0
-300.36 0 0
-315.495 0 0
-330.877 0 0
-345.986 0 0
-361.176 0 0
-376.178 0 0
-391.578 0 0
-406.575 0 0
-421.915 0 0
-437.107 0 0
-444.638 0 0
-428.516 0 0
-412.969 0 0
-397.619 0 0
-382.398 0 0
-367.104 0 0
-351.926 0 0
-336.763 0 0
-321.693 0 0
-306.39 0 0
-291.255 0 0
-275.827 0 0
-260.825 0 0
-245.586 0 0
-230.479 0 0
-215.181 0 0
-199.934 0 0
-184.925 0 0
-169.709 0 0
-154.464 0 0
-139.125 0 0
-124.018 0 0
-108.893 0 0
-93.571 0 0
-78.547 0 0
-63.4572 0 0
-48.1851 0 0
-32.928 0 0
-17.867 0 0
-2.42958 0 0
12.6842 0 0
27.9024 0 0
42.987 0 0
58.3502 0 0
73.3507 0 0
88.5728 0 0
103.87 0 0
118.843 0 0
134.142 0 0
149.398 0 0
164.555 0 0
179.712 0 0
194.929 0 0
210.1 0 0
225.244 0 0
240.412 0 0
255.804 0 0
270.842 0 0
286.015 0 0
301.169 0 0
316.438 0 0
331.531 0 0
346.846 0 0
361.908 0 0
377.175 0 0
392.433 0 0
407.639 0 0
422.81 0 0
437.81 0 0
444.443 0 0
429.346 0 0
413.969 0 0
398.574 0 0
383.291 0 0
368.167 0 0
352.944 0 0
337.772 0 0
322.483 0 0
307.27 0 0
292.224 0 0
276.962 0 0
261.777 0 0
246.656 0 0
231.517 0 0
216.174 0 0
201.046 0 0
185.741 0 0
170.591 0 0
155.56 0 0
140.113 0 0
125.025 0 0
109.837 0 0
94.7372 0 0
79.4418 0 0
64.3033 0 0
49.0638 0 0
33.8203 0 0
18.6196 0 0
3.6426 0 0
-11.7611 0 0
-26.8197 0 0
-42.0213 0 0
-57.1604 0 0
-72.4119 0 0
-87.684 0 0
-102.805 0 0
-117.911 0 0
-133.165 0 0
-148.413 0 0
-163.604 0 0
-178.81 0 0
-194 0 0
-209.311 0 0
-224.257 0 0
-239.472 0 0
-254.806 0 0
-269.834 0 0
-285.133 0 0
-300.334 0 0
-315.483 0 0
-330.67 0 0
-345.664 0 0
-361.309 0 0
-376.339 0 0
-391.299 0 0
-406.568 0 0
-421.662 0 0
-437.132 0 0
-444.57 0 0
-421.504 0 0
-398.283 0 0
-375.332 0 0
-352.446 0 0
-329.79 0 0
-306.873 0 0
-283.962 0 0
-261.209 0 0
-238.643 0 0
-215.764 0 0
-192.861 0 0
-170.061 0 0
-147.315 0 0
-124.478 0 0
-101.898 0 0
-78.9365 0 0
-56.3107 0 0
-33.4531 0 0
-10.547 0 0
12.2138 0 0
34.8322 0 0
57.6889 0 0
80.5141 0 0
103.368 0 0
126.006 0 0
148.856 0 0
171.563 0 0
194.294 0 0
217.158 0 0
240.012 0 0
262.76 0 0
285.532 0 0
308.271 0 0
331.065 0 0
353.931 0 0
376.708 0 0
399.501 0 0
422.204 0 0
445.065 0 0
467.791 0 0
490.678 0 0
513.263 0 0
536.123 0 0
558.935 0 0
581.73 0 0
592.633 0 0
569.2 0 0
546.167 0 0
523.135 0 0
500.244 0 0
477.533 0 0
454.732 0 0
431.903 0 0
408.961 0 0
386.328 0 0
363.404 0 0
340.789 0 0
317.838 0 0
294.975 0 0
272.393 0 0
249.425 0 0
226.64 0 0
203.868 0 0
181.048 0 0
158.301 0 0
135.667 0 0
112.726 0 0
89.8825 0 0
67.0508 0 0
44.4871 0 0
21.7107 0 0
-1.08845 0 0
-23.9782 0 0
-46.599 0 0
-69.5335 0 0
-92.2916 0 0
-115.107 0 0
-137.823 0 0
-160.699 0 0
-183.369 0 0
-206.155 0 0
-229.085 0 0
-251.632 0 0
-274.506 0 0
-297.295 0 0
-320.226 0 0
-342.737 0 0
-366.01 0 0
-388.507 0 0
-411.309 0 0
-434.089 0 0
-456.783 0 0
-479.64 0 0
-502.439 0 0
-525.048 0 0
-548.086 0 0
-570.702 0 0
-592.814 0 0
-592.814 0 0
-569.297 0 0
-546.153 0 0
-523.422 0 0
-500.201 0 0
-477.395 0 0
-454.796 0 0
-431.809 0 0
-409.153 0 0
-386.318 0 0
-363.465 0 0
-340.734 0 0
-317.974 0 0
-295.001 0 0
-272.28 0 0
-249.558 0 0
-226.744 0 0
-203.99 0 0
-181.204 0 0
-158.434 0 0
-135.708 0 0
-112.91 0 0
-89.9993 0 0
-67.3702 0 0
-44.5296 0 0
-21.6414 0 0
1.05769 0 0
23.998 0 0
46.6764 0 0
69.4601 0 0
92.2275 0 0
114.916 0 0
137.708 0 0
160.457 0 0
183.228 0 0
206.221 0 0
228.866 0 0
251.627 0 0
274.595 0 0
297.191 0 0
320.018 0 0
342.883 0 0
365.746 0 0
388.393 0 0
411.126 0 0
433.959 0 0
456.788 0 0
479.571 0 0
502.408 0 0
525.041 0 0
547.93 0 0
570.628 0 0
592.704 0 0
592.704 0 0
569.257 0 0
546.186 0 0
523.298 0 0
500.363 0 0
477.486 0 0
454.801 0 0
432.013 0 0
409.05 0 0
386.301 0 0
363.559 0 0
340.842 0 0
317.94 0 0
295.215 0 0
272.358 0 0
249.51 0 0
226.929 0 0
203.963 0 0
181.328 0 0
158.391 0 0
135.732 0 0
112.864 0 0
90.1318 0 0
67.2629 0 0
44.5691 0 0
21.5348 0 0
-0.990879 0 0
-23.6938 0 0
-46.5267 0 0
-69.3016 0 0
-92.178 0 0
-114.871 0 0
-137.607 0 0
-160.514 0 0
-183.304 0 0
-206.097 0 0
-228.876 0 0
-251.643 0 0
-274.421 0 0
-297.147 0 0
-320.025 0 0
-342.742 0 0
-365.588 0 0
-388.303 0 0
-411.119 0 0
-433.957 0 0
-456.745 0 0
-479.445 0 0
-502.362 0 0
-524.984 0 0
-547.869 0 0
-570.739 0 0
-592.645 0 0
-592.645 0 0
-553.904 0 0
-515.375 0 0
-477.137 0 0
-438.984 0 0
-401.101 0 0
-362.937 0 0
-325.056 0 0
-287.01 0 0
-249.033 0 0
-211.068 0 0
-173.106 0 0
-135.28 0 0
-97.1242 0 0
-59.1644 0 0
-21.1798 0 0
16.808 0 0
54.7305 0 0
92.634 0 0
130.74 0 0
168.547 0 0
206.603 0 0
244.536 0 0
282.563 0 0
320.51 0 0
358.445 0 0
396.407 0 0
434.512 0 0
472.351 0 0
510.408 0 0
548.517 0 0
586.442 0 0
624.268 0 0
662.289 0 0
700.334 0 0
738.293 0 0
776.185 0 0
814.247 0 0
852.281 0 0
888.97 0 0
888.97 0 0
850.335 0 0
811.758 0 0
773.538 0 0
735.397 0 0
697.374 0 0
659.62 0 0
621.452 0 0
583.345 0 0
545.475 0 0
507.391 0 0
469.631 0 0
431.495 0 0
393.488 0 0
355.435 0 0
317.541 0 0
279.59 0 0
241.804 0 0
203.558 0 0
165.682 0 0
127.605 0 0
89.5043 0 0
51.7076 0 0
13.7479 0 0
-24.2403 0 0
-62.0378 0 0
-100.165 0 0
-138.177 0 0
-176.225 0 0
-214.064 0 0
-252.122 0 0
-290.129 0 0
-328.068 0 0
-366.09 0 0
-404.03 0 0
-441.97 0 0
-479.949 0 0
-517.854 0 0
-555.89 0 0
-593.885 0 0
-631.722 0 0
-669.878 0 0
-707.803 0 0
-745.828 0 0
-783.812 0 0
-821.889 0 0
-859.844 0 0
-889.218 0 0
-850.669 0 0
-811.833 0 0
-773.624 0 0
-735.443 0 0
-697.466 0 0
-659.435 0 0
-621.31 0 0
-583.468 0 0
-545.349 0 0
-507.527 0 0
-469.571 0 0
-431.635 0 0
-393.477 0 0
-355.512 0 0
-317.589 0 0
-279.65 0 0
-241.698 0 0
-203.716 0 0
-165.669 0 0
-127.708 0 0
-89.7211 0 0
-51.8826 0 0
-13.8854 0 0
24.171 0 0
62.0542 0 0
100.082 0 0
138.015 0 0
175.919 0 0
213.999 0 0
251.986 0 0
289.905 0 0
327.954 0 0
365.785 0 0
403.817 0 0
441.89 0 0
479.95 0 0
517.916 0 0
555.858 0 0
593.801 0 0
631.758 0 0
669.642 0 0
707.812 0 0
745.706 0 0
783.698 0 0
821.67 0 0
859.719 0 0
888.997 0 0
850.52 0 0
812.023 0 0
773.662 0 0
735.532 0 0
697.445 0 0
659.751 0 0
621.669 0 0
583.601 0 0
545.629 0 0
507.633 0 0
469.717 0 0
431.614 0 0
393.647 0 0
355.719 0 0
317.618 0 0
279.766 0 0
241.765 0 0
203.905 0 0
165.68 0 0
127.82 0 0
89.8126 0 0
51.7553 0 0
13.8844 0 0
-24.0474 0 0
-62.095 0 0
-99.9474 0 0
-138.05 0 0
-176.052 0 0
-213.948 0 0
-251.965 0 0
-289.864 0 0
-327.944 0 0
-365.878 0 0
-403.85 0 0
-441.862 0 0
-479.69 0 0
-517.79 0 0
-555.748 0 0
-593.733 0 0
-631.71 0 0
-669.641 0 0
-707.614 0 0
-745.531 0 0
-783.517 0 0
-821.652 0 0
-859.525 0 0
-889.173 0 0
-849.213 0 0
-810.487 0 0
-772.201 0 0
-734.049 0 0
-696.086 0 0
-658.001 0 0
-620.007 0 0
-582.166 0 0
-544.155 0 0
-506.194 0 0
-468.19 0 0
-430.186 0 0
-392.224 0 0
-354.183 0 0
-316.289 0 0
-278.217 0 0
-240.304 0 0
-202.375 0 0
-164.363 0 0
-126.294 0 0
-88.3286 0 0
-50.4661 0 0
-12.4563 0 0
25.3944 0 0
63.4467 0 0
101.371 0 0
139.444 0 0
177.426 0 0
215.319 0 0
253.273 0 0
291.316 0 0
329.265 0 0
367.192 0 0
405.173 0 0
443.226 0 0
481.261 0 0
519.202 0 0
557.174 0 0
595.099 0 0
633.108 0 0
671.056 0 0
709.133 0 0
746.952 0 0
785.001 0 0
823.047 0 0
860.901 0 0
889.108 0 0
850.741 0 0
812.104 0 0
773.849 0 0
735.862 0 0
697.771 0 0
659.903 0 0
621.687 0 0
583.833 0 0
545.833 0 0
507.763 0 0
469.717 0 0
431.83 0 0
393.785 0 0
355.848 0 0
317.702 0 0
279.791 0 0
241.876 0 0
203.867 0 0
166.01 0 0
128.08 0 0
90.1403 0 0
51.9414 0 0
13.9712 0 0
-23.9661 0 0
-61.9784 0 0
-99.8745 0 0
-137.845 0 0
-175.823 0 0
-213.719 0 0
-251.683 0 0
-289.715 0 0
-327.827 0 0
-365.511 0 0
-403.621 0 0
-441.541 0 0
-479.753 0 0
-517.586 0 0
-555.61 0 0
-593.488 0 0
-631.544 0 0
-669.339 0 0
-707.532 0 0
-745.352 0 0
-783.361 0 0
-821.416 0 0
-859.326 0 0
-889.16 0 0
-850.96 0 0
-812.264 0 0
-773.997 0 0
-735.707 0 0
-697.741 0 0
-659.882 0 0
-621.743 0 0
-583.731 0 0
-545.784 0 0
-507.793 0 0
-469.982 0 0
-431.738 0 0
-393.998 0 0
-355.912 0 0
-317.952 0 0
-280.035 0 0
-241.982 0 0
-204.048 0 0
-166.149 0 0
-128.059 0 0
-90.036 0 0
-52.1269 0 0
-14.2098 0 0
23.773 0 0
61.8575 0 0
99.7834 0 0
137.685 0 0
175.63 0 0
213.659 0 0
251.638 0 0
289.68 0 0
327.584 0 0
365.621 0 0
403.55 0 0
441.562 0 0
479.561 0 0
517.568 0 0
555.594 0 0
593.467 0 0
631.44 0 0
669.291 0 0
707.39 0 0
745.313 0 0
783.202 0 0
821.128 0 0
859.273 0 0
889.156 0 0
850.875 0 0
812.345 0 0
773.94 0 0
735.931 0 0
697.804 0 0
660.014 0 0
621.974 0 0
583.907 0 0
545.92 0 0
508.04 0 0
469.919 0 0
431.998 0 0
394.036 0 0
356.014 0 0
318.01 0 0
280.063 0 0
241.964 0 0
204.019 0 0
166.058 0 0
128.283 0 0
90.2144 0 0
52.1277 0 0
14.098 0 0
-23.7903 0 0
-61.7752 0 0
-99.7024 0 0
-137.758 0 0
-175.673 0 0
-213.539 0 0
-251.585 0 0
-289.586 0 0
-327.518 0 0
-365.557 0 0
-403.43 0 0
-441.446 0 0
-479.65 0 0
-517.641 0 0
-555.389 0 0
-593.577 0 0
-631.493 0 0
-669.402 0 0
-707.356 0 0
-745.241 0 0
-783.282 0 0
-821.207 0 0
-859.1 0 0
-889.146 0 0
-828.301 0 0
-766.48 0 0
-705.31 0 0
-644.491 0 0
-583.5 0 0
-522.755 0 0
-461.988 0 0
-401.221 0 0
-340.477 0 0
-279.737 0 0
-218.919 0 0
-158.156 0 0
-97.2689 0 0
-36.7265 0 0
23.9521 0 0
84.9119 0 0
145.644 0 0
206.326 0 0
267.121 0 0
327.843 0 0
388.698 0 0
449.357 0 0
510.207 0 0
570.849 0 0
631.587 0 0
692.458 0 0
753.308 0 0
813.882 0 0
874.699 0 0
935.489 0 0
996.294 0 0
1056.95 0 0
1117.76 0 0
1178.58 0 0
1185.56 0 0
1122.72 0 0
1060.91 0 0
999.602 0 0
938.745 0 0
877.95 0 0
817.823 0 0
756.165 0 0
695.282 0 0
634.67 0 0
573.901 0 0
513.208 0 0
452.381 0 0
391.582 0 0
330.787 0 0
270.135 0 0
209.326 0 0
148.437 0 0
87.689 0 0
27.0888 0 0
-33.8649 0 0
-94.6013 0 0
-155.211 0 0
-215.822 0 0
-276.779 0 0
-337.56 0 0
-398.317 0 0
-458.909 0 0
-519.802 0 0
-580.544 0 0
-641.315 0 0
-702.079 0 0
-762.754 0 0
-823.491 0 0
-884.46 0 0
-945.082 0 0
-1005.89 0 0
-1066.78 0 0
-1127.57 0 0
-1185.72 0 0
-1185.72 0 0
-1122.74 0 0
-1061.03 0 0
-999.73 0 0
-938.695 0 0
-877.891 0 0
-817.061 0 0
-756.334 0 0
-695.481 0 0
-634.669 0 0
-573.945 0 0
-513.245 0 0
-452.373 0 0
-391.713 0 0
-331.067 0 0
-270.096 0 0
-209.384 0 0
-148.689 0 0
-87.9082 0 0
-27.168 0 0
33.6093 0 0
94.3824 0 0
155.178 0 0
215.838 0 0
276.663 0 0
337.309 0 0
398.115 0 0
458.917 0 0
519.642 0 0
580.43 0 0
641.137 0 0
701.863 0 0
762.685 0 0
823.529 0 0
884.263 0 0
945.036 0 0
1005.8 0 0
1066.53 0 0
1127.23 0 0
1185.75 0 0
1185.75 0 0
1122.99 0 0
1061.02 0 0
999.929 0 0
938.862 0 0
878.192 0 0
817.426 0 0
756.908 0 0
695.383 0 0
634.733 0 0
574.022 0 0
513.281 0 0
452.557 0 0
391.857 0 0
331.074 0 0
270.233 0 0
209.58 0 0
148.753 0 0
87.9957 0 0
27.2904 0 0
-33.4697 0 0
-94.0639 0 0
-154.953 0 0
-215.894 0 0
-276.588 0 0
-337.322 0 0
-398.053 0 0
-458.853 0 0
-519.575 0 0
-580.302 0 0
-641.085 0 0
-701.884 0 0
-762.567 0 0
-823.394 0 0
-884.131 0 0
-944.969 0 0
-1005.56 0 0
-1066.4 0 0
-1127.26 0 0
-1185.7 0 0
-1185.7 0 0
-1123.21 0 0
-1061.2 0 0
-999.913 0 0
-938.938 0 0
-878.134 0 0
-817.334 0 0
-756.449 0 0
-695.763 0 0
-634.988 0 0
-574.253 0 0
-513.382 0 0
-452.631 0 0
-391.874 0 0
-331.13 0 0
-270.33 0 0
-209.6 0 0
-148.866 0 0
-88.1607 0 0
-27.2761 0 0
33.3838 0 0
94.0918 0 0
154.882 0 0
215.543 0 0
276.368 0 0
337.226 0 0
397.843 0 0
458.65 0 0
519.356 0 0
580.176 0 0
641.112 0 0
701.808 0 0
762.476 0 0
823.218 0 0
884.061 0 0
944.788 0 0
1005.49 0 0
1066.3 0 0
1127.13 0 0
1185.55 0 0
1185.55 0 0
1123.11 0 0
1061.28 0 0
1000.1 0 0
939.019 0 0
878.288 0 0
817.868 0 0
757.51 0 0
695.572 0 0
635.002 0 0
574.513 0 0
513.528 0 0
452.814 0 0
392.091 0 0
331.374 0 0
270.623 0 0
209.748 0 0
148.965 0 0
88.2479 0 0
27.4224 0 0
-33.2887 0 0
-94.0252 0 0
-154.794 0 0
-215.568 0 0
-276.301 0 0
-337.213 0 0
-397.844 0 0
-458.645 0 0
-519.284 0 0
-580.06 0 0
-640.848 0 0
-701.611 0 0
-762.424 0 0
-823.113 0 0
-883.901 0 0
-944.84 0 0
-1005.31 0 0
-1066.13 0 0
-1126.89 0 0
-1185.78 0 0
-1185.78 0 0
-1123.32 0 0
-1061.42 0 0
-1000.21 0 0
-939.11 0 0
-878.323 0 0
-817.603 0 0
-756.813 0 0
-696.071 0 0
-635.243 0 0
-574.463 0 0
-513.723 0 0
-452.884 0 0
-392.15 0 0
-331.445 0 0
-270.666 0 0
-210.003 0 0
-149.239 0 0
-88.4833 0 0
-27.7211 0 0
33.0588 0 0
93.9379 0 0
154.648 0 0
215.438 0 0
276.15 0 0
336.963 0 0
397.691 0 0
458.479 0 0
519.315 0 0
579.823 0 0
640.791 0 0
701.485 0 0
762.187 0 0
822.943 0 0
883.619 0 0
944.542 0 0
1005.31 0 0
1066.08 0 0
1126.82 0 0
1185.62 0 0
1185.62 0 0
1123.41 0 0
1061.48 0 0
1000.25 0 0
939.447 0 0
878.549 0 0
817.855 0 0
757.678 0 0
695.864 0 0
635.195 0 0
574.655 0 0
513.803 0 0
453.107 0 0
392.318 0 0
331.7 0 0
270.837 0 0
210.084 0 0
149.121 0 0
88.481 0 0
27.6983 0 0
-32.9969 0 0
-93.7735 0 0
-154.489 0 0
-215.288 0 0
-276.009 0 0
-337.006 0 0
-397.571 0 0
-458.348 0 0
-518.993 0 0
-579.767 0 0
-640.615 0 0
-701.272 0 0
-762.053 0 0
-822.96 0 0
-883.647 0 0
-944.364 0 0
-1005.09 0 0
-1066.01 0 0
-1126.94 0 0
-1185.68 0 0
-1185.68 0 0
-1092.26 0 0
-1000.02 0 0
-908.44 0 0
-816.79 0 0
-725.5 0 0
-634.465 0 0
-543.193 0 0
-452.058 0 0
-360.932 0 0
-269.84 0 0
-178.757 0 0
-87.5202 0 0
3.68308 0 0
94.6865 0 0
185.885 0 0
277.131 0 0
368.061 0 0
459.434 0 0
550.239 0 0
641.638 0 0
732.716 0 0
823.809 0 0
914.868 0 0
1006.16 0 0
1097.32 0 0
1188.52 0 0
1279.48 0 0
1370.67 0 0
1392.19 0 0
1395.83 0 0
1399.46 0 0
1403.11 0 0
1404.83 0 0
1314.03 0 0
1221.51 0 0
1129.77 0 0
1038.62 0 0
947.983 0 0
856.092 0 0
765.133 0 0
674.149 0 0
583.197 0 0
492.239 0 0
401.434 0 0
310.252 0 0
219.256 0 0
128.365 0 0
37.509 0 0
-53.7054 0 0
-144.679 0 0
-235.445 0 0
-326.491 0 0
-417.41 0 0
-508.39 0 0
-599.401 0 0
-690.385 0 0
-781.486 0 0
-872.36 0 0
-963.357 0 0
-1054.23 0 0
-1145.29 0 0
-1236.31 0 0
-1327.36 0 0
-1371.16 0 0
-1374.77 0 0
-1378.39 0 0
-1382.01 0 0
-1385.63 0 0
-1389.26 0 0
-1392.88 0 0
-1396.51 0 0
-1400.12 0 0
-1400.12 0 0
-1309.61 0 0
-1217.33 0 0
-1125.99 0 0
-1034.96 0 0
-944.241 0 0
-853.516 0 0
-762.772 0 0
-672.121 0 0
-581.473 0 0
-490.767 0 0
-400.064 0 0
-309.651 0 0
-218.91 0 0
-128.28 0 0
-37.6364 0 0
53.0839 0 0
143.851 0 0
234.37 0 0
324.897 0 0
415.631 0 0
506.131 0 0
596.95 0 0
687.511 0 0
778.239 0 0
868.976 0 0
959.462 0 0
1050.15 0 0
1140.94 0 0
1231.65 0 0
1322.17 0 0
1366.58 0 0
1370.18 0 0
1373.78 0 0
1377.38 0 0
1380.98 0 0
1384.59 0 0
1388.19 0 0
1391.81 0 0
1395.39 0 0
1395.39 0 0
1305.64 0 0
1213.7 0 0
1122.72 0 0
1032.09 0 0
941.996 0 0
850.964 0 0
760.53 0 0
670.306 0 0
580.067 0 0
489.674 0 0
399.451 0 0
309.102 0 0
218.723 0 0
128.452 0 0
38.2108 0 0
-52.3091 0 0
-142.608 0 0
-232.953 0 0
-323.243 0 0
-413.499 0 0
-503.739 0 0
-594.009 0 0
-684.374 0 0
-774.701 0 0
-865.105 0 0
-955.21 0 0
-1045.7 0 0
-1136.02 0 0
-1226.47 0 0
-1316.78 0 0
-1361.95 0 0
-1365.53 0 0
-1369.12 0 0
-1372.71 0 0
-1376.3 0 0
-1379.87 0 0
-1383.46 0 0
-1387.05 0 0
-1390.63 0 0
-1390.63 0 0
-1279.01 0 0
-1164.73 0 0
-1051.45 0 0
-938.691 0 0
-826.039 0 0
-713.451 0 0
-600.813 0 0
-488.374 0 0
-375.767 0 0
-263.408 0 0
-150.759 0 0
-38.3093 0 0
74.0795 0 0
186.499 0 0
299.015 0 0
411.539 0 0
524.107 0 0
636.532 0 0
748.985 0 0
861.392 0 0
974.026 0 0
1086.49 0 0
1199 0 0
1311.4 0 0
1358.21 0 0
1362.67 0 0
1367.13 0 0
1371.59 0 0
1376.04 0 0
1380.51 0 0
1384.97 0 0
1389.44 0 0
1393.91 0 0
1398.37 0 0
1402.84 0 0
1407.31 0 0
1409.1 0 0
1293.76 0 0
1180.17 0 0
1067.47 0 0
955.304 0 0
843.597 0 0
731.533 0 0
619.677 0 0
507.968 0 0
396.347 0 0
284.342 0 0
172.676 0 0
60.7969 0 0
-50.9788 0 0
-162.68 0 0
-274.405 0 0
-386.108 0 0
-497.793 0 0
-609.645 0 0
-721.23 0 0
-833.036 0 0
-944.812 0 0
-1056.59 0 0
-1168.39 0 0
-1280.24 0 0
-1323.42 0 0
-1327.82 0 0
-1332.2 0 0
-1336.59 0 0
-1340.99 0 0
-1345.38 0 0
-1349.77 0 0
-1354.17 0 0
-1358.57 0 0
-1362.97 0 0
-1367.37 0 0
-1371.77 0 0
-1376.17 0 0
-1380.58 0 0
-1384.98 0 0
-1389.39 0 0
-1393.8 0 0
-1396.28 0 0
-1282.29 0 0
-1169.72 0 0
-1058.21 0 0
-947.2 0 0
-836.249 0 0
-725.474 0 0
-614.885 0 0
-503.992 0 0
-393.25 0 0
-282.495 0 0
-171.822 0 0
-61.2768 0 0
49.5196 0 0
160.296 0 0
270.914 0 0
381.677 0 0
492.374 0 0
602.997 0 0
713.77 0 0
824.536 0 0
935.205 0 0
1045.99 0 0
1156.66 0 0
1267.35 0 0
1311.64 0 0
1315.96 0 0
1320.3 0 0
1324.63 0 0
1328.96 0 0
1333.29 0 0
1337.63 0 0
1341.96 0 0
1346.3 0 0
1350.64 0 0
1354.98 0 0
1359.32 0 0
1363.66 0 0
1368.01 0 0
1372.36 0 0
1376.7 0 0
1381.05 0 0
1383.51 0 0
1270.68 0 0
1159.46 0 0
1048.95 0 0
938.89 0 0
829.123 0 0
719.308 0 0
609.582 0 0
499.867 0 0
390.41 0 0
280.435 0 0
170.824 0 0
61.2348 0 0
-48.5276 0 0
-158.139 0 0
-267.718 0 0
-377.344 0 0
-486.987 0 0
-596.781 0 0
-706.16 0 0
-815.922 0 0
-925.624 0 0
-1035.16 0 0
-1144.89 0 0
-1254.63 0 0
-1299.46 0 0
-1303.72 0 0
-1307.99 0 0
-1312.26 0 0
-1316.53 0 0
-1320.8 0 0
-1325.07 0 0
-1329.34 0 0
-1333.62 0 0
-1337.89 0 0
-1342.18 0 0
-1346.45 0 0
-1350.73 0 0
-1355.01 0 0
-1359.3 0 0
-1363.58 0 0
-1367.87 0 0
-1370.29 0 0
-1221.74 0 0
-1075.04 0 0
-929.258 0 0
-784.073 0 0
-639.164 0 0
-494.244 0 0
-349.43 0 0
-204.611 0 0
-59.9148 0 0
85.0599 0 0
229.841 0 0
374.515 0 0
519.326 0 0
664.16 0 0
808.904 0 0
953.69 0 0
1098.46 0 0
1243.3 0 0
1288.73 0 0
1294.34 0 0
1299.95 0 0
1305.56 0 0
1311.17 0 0
1316.79 0 0
1322.4 0 0
1328.02 0 0
1333.64 0 0
1339.28 0 0
1344.9 0 0
1350.52 0 0
1356.17 0 0
1361.8 0 0
1367.43 0 0
1373.07 0 0
1378.72 0 0
1384.37 0 0
1390.01 0 0
1395.67 0 0
1401.15 0 0
1401.15 0 0
1255.38 0 0
1110.71 0 0
967.124 0 0
824.299 0 0
681.396 0 0
538.855 0 0
396.438 0 0
253.92 0 0
111.314 0 0
-31.1167 0 0
-173.647 0 0
-315.948 0 0
-458.449 0 0
-600.747 0 0
-743.241 0 0
-885.78 0 0
-1028.14 0 0
-1170.64 0 0
-1217.05 0 0
-1222.45 0 0
-1227.83 0 0
-1233.23 0 0
-1238.62 0 0
-1244.02 0 0
-1249.41 0 0
-1254.82 0 0
-1260.22 0 0
-1265.63 0 0
-1271.03 0 0
-1276.45 0 0
-1281.86 0 0
-1287.27 0 0
-1292.69 0 0
-1298.1 0 0
-1303.53 0 0
-1308.95 0 0
-1314.37 0 0
-1319.8 0 0
-1325.24 0 0
-1330.67 0 0
-1336.1 0 0
-1341.55 0 0
-1346.99 0 0
-1352.44 0 0
-1357.89 0 0
-1363.33 0 0
-1367.55 0 0
-1225.03 0 0
-1083.7 0 0
-943.579 0 0
-803.832 0 0
-664.178 0 0
-524.922 0 0
-385.574 0 0
-246.179 0 0
-107.035 0 0
32.3575 0 0
171.426 0 0
310.857 0 0
450.095 0 0
589.276 0 0
728.398 0 0
867.719 0 0
1006.83 0 0
1146.21 0 0
1189.23 0 0
1194.41 0 0
1199.61 0 0
1204.8 0 0
1210 0 0
1215.19 0 0
1220.4 0 0
1225.6 0 0
1230.8 0 0
1236.01 0 0
1241.21 0 0
1246.42 0 0
1251.64 0 0
1256.86 0 0
1262.07 0 0
1267.29 0 0
1272.51 0 0
1277.74 0 0
1282.96 0 0
1288.19 0 0
1293.42 0 0
1298.66 0 0
1303.89 0 0
1309.13 0 0
1314.37 0 0
1319.63 0 0
1324.87 0 0
1330.12 0 0
1334.18 0 0
1195.57 0 0
1057.44 0 0
920.383 0 0
784.008 0 0
647.635 0 0
511.472 0 0
375.341 0 0
239.274 0 0
103.276 0 0
-32.7772 0 0
-168.792 0 0
-304.872 0 0
-440.793 0 0
-576.811 0 0
-712.872 0 0
-848.905 0 0
-984.851 0 0
-1121.02 0 0
-1158.83 0 0
-1163.79 0 0
-1168.77 0 0
-1173.75 0 0
-1178.73 0 0
-1183.7 0 0
-1188.69 0 0
-1193.67 0 0
-1198.66 0 0
-1203.65 0 0
-1208.64 0 0
-1213.63 0 0
-1218.62 0 0
-1223.63 0 0
-1228.63 0 0
-1233.62 0 0
-1238.63 0 0
-1243.64 0 0
-1248.64 0 0
-1253.66 0 0
-1258.67 0 0
-1263.69 0 0
-1268.7 0 0
-1273.72 0 0
-1278.75 0 0
-1283.78 0 0
-1288.81 0 0
-1293.84 0 0
-1297.75 0 0
-1162.66 0 0
-1027.84 0 0
-894.049 0 0
-760.811 0 0
-627.836 0 0
-494.757 0 0
-362.017 0 0
-229.32 0 0
-96.4364 0 0
36.4966 0 0
169.114 0 0
301.907 0 0
434.798 0 0
567.623 0 0
700.331 0 0
833.185 0 0
965.916 0 0
1098.62 0 0
1128.31 0 0
1133.07 0 0
1137.82 0 0
1142.58 0 0
1147.34 0 0
1152.11 0 0
1156.87 0 0
1161.63 0 0
1166.41 0 0
1171.18 0 0
1175.95 0 0
1180.72 0 0
1185.5 0 0
1190.28 0 0
1195.06 0 0
1199.85 0 0
1204.63 0 0
1209.42 0 0
1214.21 0 0
1219 0 0
1223.8 0 0
1228.6 0 0
1233.4 0 0
1238.2 0 0
1243.01 0 0
1247.81 0 0
1252.63 0 0
1257.43 0 0
1262.25 0 0
1267.07 0 0
1271.89 0 0
1276.72 0 0
1281.54 0 0
1286.38 0 0
1291.21 0 0
1296.04 0 0
1298.85 0 0
1168.4 0 0
1037.9 0 0
908.356 0 0
779.404 0 0
650.512 0 0
521.882 0 0
393.33 0 0
264.596 0 0
135.822 0 0
7.38719 0 0
-121.193 0 0
-249.665 0 0
-378.274 0 0
-506.858 0 0
-635.388 0 0
-763.918 0 0
-892.386 0 0
-1020.88 0 0
-1038.75 0 0
-1043.09 0 0
-1047.45 0 0
-1051.79 0 0
-1056.15 0 0
-1060.51 0 0
-1064.86 0 0
-1069.22 0 0
-1073.58 0 0
-1077.94 0 0
-1082.3 0 0
-1086.67 0 0
-1091.03 0 0
-1095.4 0 0
-1099.77 0 0
-1104.14 0 0
-1108.52 0 0
-1112.89 0 0
-1117.27 0 0
-1121.65 0 0
-1126.03 0 0
-1130.42 0 0
-1134.8 0 0
-1139.19 0 0
-1143.58 0 0
-1147.97 0 0
-1152.36 0 0
-1156.76 0 0
-1161.16 0 0
-1165.56 0 0
-1169.96 0 0
-1174.37 0 0
-1178.78 0 0
-1183.19 0 0
-1187.61 0 0
-1192.02 0 0
-1196.44 0 0
-1200.86 0 0
-1205.28 0 0
-1209.71 0 0
-1214.13 0 0
-1218.57 0 0
-1223.01 0 0
-1223.04 0 0
-1217.66 0 0
-1092.65 0 0
-967.139 0 0
-842.926 0 0
-719.027 0 0
-595.32 0 0
-471.668 0 0
-348.075 0 0
-224.449 0 0
-101.003 0 0
22.3211 0 0
145.777 0 0
269.251 0 0
392.829 0 0
516.384 0 0
639.68 0 0
763.074 0 0
886.593 0 0
980.539 0 0
984.483 0 0
988.426 0 0
992.369 0 0
996.314 0 0
1000.26 0 0
1004.21 0 0
1008.16 0 0
1012.11 0 0
1016.07 0 0
1020.02 0 0
1023.98 0 0
1027.93 0 0
1031.9 0 0
1035.86 0 0
1039.82 0 0
1043.78 0 0
1047.75 0 0
1051.72 0 0
1055.69 0 0
1059.66 0 0
1063.63 0 0
1067.61 0 0
1071.58 0 0
1075.57 0 0
1079.55 0 0
1083.53 0 0
1087.52 0 0
1091.5 0 0
1095.49 0 0
1099.49 0 0
1103.48 0 0
1107.48 0 0
1111.48 0 0
1115.48 0 0
1119.48 0 0
1123.49 0 0
1127.5 0 0
1131.51 0 0
1135.52 0 0
1139.54 0 0
1143.56 0 0
1147.58 0 0
1141.64 0 0
1129.05 0 0
1124.18 0 0
1004.68 0 0
884.632 0 0
765.273 0 0
646.575 0 0
527.869 0 0
409.363 0 0
290.745 0 0
172.428 0 0
53.9041 0 0
-64.5439 0 0
-182.951 0 0
-301.277 0 0
-419.722 0 0
-538.098 0 0
-656.49 0 0
-774.824 0 0
-893.158 0 0
-916.695 0 0
-920.159 0 0
-923.62 0 0
-927.085 0 0
-930.552 0 0
-934.019 0 0
-937.487 0 0
-940.956 0 0
-944.435 0 0
-947.904 0 0
-951.377 0 0
-954.853 0 0
-958.333 0 0
-961.812 0 0
-965.291 0 0
-968.776 0 0
-972.258 0 0
-975.745 0 0
-979.236 0 0
-982.721 0 0
-986.212 0 0
-989.708 0 0
-993.198 0 0
-996.691 0 0
-1000.19 0 0
-1003.69 0 0
-1007.2 0 0
-1010.7 0 0
-1014.2 0 0
-1017.71 0 0
-1021.22 0 0
-1024.73 0 0
-1028.25 0 0
-1031.76 0 0
-1035.28 0 0
-1038.8 0 0
-1042.32 0 0
-1045.85 0 0
-1049.37 0 0
-1052.9 0 0
-1056.43 0 0
-1056.48 0 0
-1045.44 0 0
-1034.38 0 0
-1023.34 0 0
-1019.03 0 0
-905.194 0 0
-789.909 0 0
-675.656 0 0
-561.898 0 0
-448.088 0 0
-334.641 0 0
-221.131 0 0
-107.699 0 0
5.82051 0 0
119.227 0 0
232.666 0 0
346.068 0 0
459.57 0 0
572.999 0 0
686.312 0 0
799.688 0 0
844.139 0 0
847.082 0 0
850.025 0 0
852.967 0 0
855.915 0 0
858.862 0 0
861.803 0 0
864.752 0 0
867.703 0 0
