0 0 0
0.1 0 0
0.2 0 0
0.3 0 0
0.4 0 0
0.5 0 0
0.6 0 0
0.7 0 0
0.8 0 0
0.9 0 0
1 0 0
0 0 0
0.0700053 -139.118 139.118
5.62248 -11173.3 11173.3
20.9067 -41546.9 41546.9
36.4139 -72363.7 72363.7
51.5978 -102538 102538
66.6963 -132543 132543
82.0304 -163015 163015
96.9699 -192704 192704
112.334 -223236 223236
127.548 -253471 253471
142.727 -283636 283636
157.957 -313900 313900
173.193 -344178 344178
188.185 -373971 373971
203.518 -404442 404442
218.605 -434424 434424
233.869 -464756 464756
249.009 -494843 494843
264.295 -525220 525220
279.42 -555278 555278
294.701 -585644 585644
309.924 -615896 615896
325.055 -645965 645965
340.196 -676054 676054
355.432 -706331 706331
370.501 -736277 736277
385.755 -766590 766590
400.984 -796852 796852
416.081 -826854 826854
431.185 -856870 856870
444.544 -883417 883417
429.242 -853008 853008
413.866 -822453 822453
398.631 -792178 792178
383.267 -761645 761645
367.993 -731292 731292
352.715 -700932 700932
337.701 -671095 671095
322.384 -640658 640658
307.199 -610482 610482
292.043 -580361 580361
276.962 -550394 550394
261.677 -520019 520019
246.484 -489825 489825
231.286 -459624 459624
216.114 -429473 429473
200.98 -399397 399397
185.674 -368982 368982
170.515 -338857 338857
155.301 -308623 308623
140.054 -278322 278322
124.88 -248168 248168
109.798 -218198 218198
94.6977 -188189 188189
79.4047 -157797 157797
64.2662 -127713 127713
48.9163 -97209.1 97209.1
33.919 -67405.8 67405.8
18.537 -36837.8 36837.8
3.40154 -6759.72 6759.72
-11.7609 23371.9 -23371.9
-26.8716 53400.7 -53400.7
-41.9885 83441.8 -83441.8
-57.3509 113971 -113971
-72.4527 143982 -143982
-87.7489 174379 -174379
-102.937 204561 -204561
-118.098 234690 -234690
-133.375 265049 -265049
-148.425 294958 -294958
-163.57 325054 -325054
-178.941 355601 -355601
-193.931 385389 -385389
-209.149 415632 -415632
-224.31 445760 -445760
-239.581 476108 -476108
-254.804 506359 -506359
-270.023 536603 -536603
-285.22 566803 -566803
-300.36 596891 -596891
-315.495 626966 -626966
-330.877 657535 -657535
-345.986 687559 -687559
-361.176 717747 -717747
-376.178 747557 -747557
-391.578 778161 -778161
-406.575 807963 -807963
-421.915 838448 -838448
-437.107 868638 -868638
-444.638 883603 -883603
-428.516 851566 -851566
-412.969 820670 -820670
-397.619 790167 -790167
-382.398 759919 -759919
-367.104 729525 -729525
-351.926 699363 -699363
-336.763 669232 -669232
-321.693 639283 -639283
-306.39 608874 -608874
-291.255 578797 -578797
-275.827 548136 -548136
-260.825 518324 -518324
-245.586 488040 -488040
-230.479 458020 -458020
-215.181 427618 -427618
-199.934 397319 -397319
-184.925 367493 -367493
-169.709 337255 -337255
-154.464 306959 -306959
-139.125 276477 -276477
-124.018 246454 -246454
-108.893 216398 -216398
-93.571 185949 -185949
-78.547 156093 -156093
-63.4572 126106 -126106
-48.1851 95756.2 -95756.2
-32.928 65436.4 -65436.4
-17.867 35506.2 -35506.2
-2.42958 4828.2 -4828.2
12.6842 -25206.7 25206.7
27.9024 -55449.2 55449.2
42.987 -85426.1 85426.1
58.3502 -115957 115957
73.3507 -145766 145766
88.5728 -176017 176017
103.87 -206417 206417
118.843 -236172 236172
134.142 -266575 266575
149.398 -296891 296891
164.555 -327012 327012
179.712 -357133 357133
194.929 -387373 387373
210.1 -417522 417522
225.244 -447616 447616
240.412 -477758 477758
255.804 -508347 508347
270.842 -538230 538230
286.015 -568384 568384
301.169 -598498 598498
316.438 -628840 628840
331.531 -658835 658835
346.846 -689270 689270
361.908 -719199 719199
377.175 -749539 749539
392.433 -779861 779861
407.639 -810079 810079
422.81 -840226 840226
437.81 -870034 870034
444.443 -883216 883216
429.346 -853216 853216
413.969 -822657 822657
398.574 -792064 792064
383.291 -761694 761694
368.167 -731639 731639
352.944 -701386 701386
337.772 -671236 671236
322.483 -640854 640854
307.27 -610622 610622
292.224 -580721 580721
276.962 -550392 550392
261.777 -520216 520216
246.656 -490168 490168
231.517 -460083 460083
216.174 -429592 429592
201.046 -399530 399530
185.741 -369115 369115
170.591 -339007 339007
155.56 -309138 309138
140.113 -278441 278441
125.025 -248457 248457
109.837 -218275 218275
94.7372 -188267 188267
79.4418 -157871 157871
64.3033 -127787 127787
49.0638 -97502.3 97502.3
33.8203 -67209.6 67209.6
18.6196 -37001.9 37001.9
3.6426 -7238.77 7238.77
-11.7611 23372.3 -23372.3
-26.8197 53297.7 -53297.7
-42.0213 83507.1 -83507.1
-57.1604 113592 -113592
-72.4119 143901 -143901
-87.684 174250 -174250
-102.805 204299 -204299
-117.911 234318 -234318
-133.165 264633 -264633
-148.413 294934 -294934
-163.604 325122 -325122
-178.81 355340 -355340
-194 385526 -385526
-209.311 415955 -415955
-224.257 445656 -445656
-239.472 475892 -475892
-254.806 506362 -506362
-269.834 536229 -536229
-285.133 566631 -566631
-300.334 596838 -596838
-315.483 626943 -626943
-330.67 657122 -657122
-345.664 686920 -686920
-361.309 718010 -718010
-376.339 747879 -747879
-391.299 777606 -777606
-406.568 807950 -807950
-421.662 837944 -837944
-437.132 868688 -868688
-444.57 883469 -883469
-421.504 837630 -837630
-398.283 791485 -791485
-375.332 745877 -745877
-352.446 700398 -700398
-329.79 655375 -655375
-306.873 609832 -609832
-283.962 564303 -564303
-261.209 519088 -519088
-238.643 474244 -474244
-215.764 428777 -428777
-192.861 383264 -383264
-170.061 337954 -337954
-147.315 292752 -292752
-124.478 247369 -247369
-101.898 202498 -202498
-78.9365 156867 -156867
-56.3107 111904 -111904
-33.4531 66479.9 -66479.9
-10.547 20959.5 -20959.5
12.2138 -24272 24272
34.8322 -69220.4 69220.4
57.6889 -114642 114642
80.5141 -160002 160002
103.368 -205418 205418
126.006 -250405 250405
148.856 -295814 295814
171.563 -340939 340939
194.294 -386112 386112
217.158 -431547 431547
240.012 -476965 476965
262.76 -522170 522170
285.532 -567424 567424
308.271 -612611 612611
331.065 -657907 657907
353.931 -703347 703347
376.708 -748612 748612
399.501 -793905 793905
422.204 -839021 839021
445.065 -884453 884453
467.791 -929614 929614
490.678 -975094 975094
513.263 -1.01998e+06 1.01998e+06
536.123 -1.0654e+06 1.0654e+06
558.935 -1.11074e+06 1.11074e+06
581.73 -1.15603e+06 1.15603e+06
592.633 -1.1777e+06 1.1777e+06
569.2 -1.13113e+06 1.13113e+06
546.167 -1.08536e+06 1.08536e+06
523.135 -1.03959e+06 1.03959e+06
500.244 -994104 994104
477.533 -948973 948973
454.732 -903662 903662
431.903 -858296 858296
408.961 -812706 812706
386.328 -767728 767728
363.404 -722173 722173
340.789 -677233 677233
317.838 -631622 631622
294.975 -586190 586190
272.393 -541312 541312
249.425 -495670 495670
226.64 -450390 450390
203.868 -405138 405138
181.048 -359789 359789
158.301 -314584 314584
135.667 -269604 269604
112.726 -224016 224016
89.8825 -178619 178619
67.0508 -133247 133247
44.4871 -88407.1 88407.1
21.7107 -43144.8 43144.8
-1.08845 2163.03 -2163.03
-23.9782 47650.9 -47650.9
-46.599 92604.2 -92604.2
-69.5335 138181 -138181
-92.2916 183407 -183407
-115.107 228747 -228747
-137.823 273889 -273889
-160.699 319350 -319350
-183.369 364401 -364401
-206.155 409682 -409682
-229.085 455249 -455249
-251.632 500057 -500057
-274.506 545512 -545512
-297.295 590800 -590800
-320.226 636369 -636369
-342.737 681103 -681103
-366.01 727352 -727352
-388.507 772058 -772058
-411.309 817372 -817372
-434.089 862641 -862641
-456.783 907738 -907738
-479.64 953161 -953161
-502.439 998466 -998466
-525.048 1.0434e+06 -1.0434e+06
-548.086 1.08918e+06 -1.08918e+06
-570.702 1.13412e+06 -1.13412e+06
-592.814 1.17806e+06 -1.17806e+06
-592.814 1.17806e+06 -1.17806e+06
-569.297 1.13133e+06 -1.13133e+06
-546.153 1.08533e+06 -1.08533e+06
-523.422 1.04016e+06 -1.04016e+06
-500.201 994018 -994018
-477.395 948698 -948698
-454.796 903789 -903789
-431.809 858109 -858109
-409.153 813087 -813087
-386.318 767708 -767708
-363.465 722294 -722294
-340.734 677122 -677122
-317.974 631894 -631894
-295.001 586241 -586241
-272.28 541088 -541088
-249.558 495935 -495935
-226.744 450597 -450597
-203.99 405380 -405380
-181.204 360099 -360099
-158.434 314848 -314848
-135.708 269686 -269686
-112.91 224380 -224380
-89.9993 178851 -178851
-67.3702 133882 -133882
-44.5296 88491.8 -88491.8
-21.6414 43007 -43007
1.05769 -2101.91 2101.91
23.998 -47690.1 47690.1
46.6764 -92757.9 92757.9
69.4601 -138035 138035
92.2275 -183280 183280
114.916 -228368 228368
137.708 -273661 273661
160.457 -318868 318868
183.228 -364121 364121
206.221 -409813 409813
228.866 -454815 454815
251.627 -500045 500045
274.595 -545689 545689
297.191 -590592 590592
320.018 -635954 635954
342.883 -681394 681394
365.746 -726827 726827
388.393 -771833 771833
411.126 -817009 817009
433.959 -862381 862381
456.788 -907749 907749
479.571 -953022 953022
502.408 -998404 998404
525.041 -1.04338e+06 1.04338e+06
547.93 -1.08887e+06 1.08887e+06
570.628 -1.13397e+06 1.13397e+06
592.704 -1.17784e+06 1.17784e+06
592.704 -1.17784e+06 1.17784e+06
569.257 -1.13125e+06 1.13125e+06
546.186 -1.0854e+06 1.0854e+06
523.298 -1.03992e+06 1.03992e+06
500.363 -994340 994340
477.486 -948879 948879
454.801 -903799 903799
432.013 -858515 858515
409.05 -812882 812882
386.301 -767675 767675
363.559 -722481 722481
340.842 -677338 677338
317.94 -631825 631825
295.215 -586665 586665
272.358 -541243 541243
249.51 -495840 495840
226.929 -450966 450966
203.963 -405327 405327
181.328 -360345 360345
158.391 -314763 314763
135.732 -269733 269733
112.864 -224290 224290
90.1318 -179115 179115
67.2629 -133669 133669
44.5691 -88570.1 88570.1
21.5348 -42795 42795
-0.990879 1969.13 -1969.13
-23.6938 47085.7 -47085.7
-46.5267 92460.5 -92460.5
-69.3016 137720 -137720
-92.178 183181 -183181
-114.871 228277 -228277
-137.607 273461 -273461
-160.514 318983 -318983
-183.304 364271 -364271
-206.097 409567 -409567
-228.876 454834 -454834
-251.643 500077 -500077
-274.421 545344 -545344
-297.147 590505 -590505
-320.025 635969 -635969
-342.742 681113 -681113
-365.588 726514 -726514
-388.303 771653 -771653
-411.119 816994 -816994
-433.957 862379 -862379
-456.745 907662 -907662
-479.445 952771 -952771
-502.362 998313 -998313
-524.984 1.04327e+06 -1.04327e+06
-547.869 1.08875e+06 -1.08875e+06
-570.739 1.13419e+06 -1.13419e+06
-592.645 1.17772e+06 -1.17772e+06
-592.645 1.17772e+06 -1.17772e+06
-553.904 1.10074e+06 -1.10074e+06
-515.375 1.02417e+06 -1.02417e+06
-477.137 948186 -948186
-438.984 872367 -872367
-401.101 797085 -797085
-362.937 721246 -721246
-325.056 645968 -645968
-287.01 570360 -570360
-249.033 494891 -494891
-211.068 419445 -419445
-173.106 344005 -344005
-135.28 268835 -268835
-97.1242 193011 -193011
-59.1644 117575 -117575
-21.1798 42089.6 -42089.6
16.808 -33401.8 33401.8
54.7305 -108763 108763
92.634 -184087 184087
130.74 -259814 259814
168.547 -334946 334946
206.603 -410571 410571
244.536 -485955 485955
282.563 -561523 561523
320.51 -636932 636932
358.445 -712319 712319
396.407 -787758 787758
434.512 -863480 863480
472.351 -938674 938674
510.408 -1.0143e+06 1.0143e+06
548.517 -1.09003e+06 1.09003e+06
586.442 -1.1654e+06 1.1654e+06
624.268 -1.24056e+06 1.24056e+06
662.289 -1.31612e+06 1.31612e+06
700.334 -1.39172e+06 1.39172e+06
738.293 -1.46715e+06 1.46715e+06
776.185 -1.54244e+06 1.54244e+06
814.247 -1.61808e+06 1.61808e+06
852.281 -1.69366e+06 1.69366e+06
888.97 -1.76656e+06 1.76656e+06
888.97 -1.76656e+06 1.76656e+06
850.335 -1.68979e+06 1.68979e+06
811.758 -1.61313e+06 1.61313e+06
773.538 -1.53719e+06 1.53719e+06
735.397 -1.4614e+06 1.4614e+06
697.374 -1.38584e+06 1.38584e+06
659.62 -1.31081e+06 1.31081e+06
621.452 -1.23497e+06 1.23497e+06
583.345 -1.15924e+06 1.15924e+06
545.475 -1.08399e+06 1.08399e+06
507.391 -1.00831e+06 1.00831e+06
469.631 -933270 933270
431.495 -857486 857486
393.488 -781956 781956
355.435 -706336 706336
317.541 -631032 631032
279.59 -555615 555615
241.804 -480526 480526
203.558 -404520 404520
165.682 -329253 329253
127.605 -253583 253583
89.5043 -177868 177868
51.7076 -102756 102756
13.7479 -27320.5 27320.5
-24.2403 48171.7 -48171.7
-62.0378 123285 -123285
-100.165 199053 -199053
-138.177 274593 -274593
-176.225 350204 -350204
-214.064 425399 -425399
-252.122 501031 -501031
-290.129 576558 -576558
-328.068 651952 -651952
-366.09 727511 -727511
-404.03 802907 -802907
-441.97 878302 -878302
-479.949 953773 -953773
-517.854 1.0291e+06 -1.0291e+06
-555.89 1.10468e+06 -1.10468e+06
-593.885 1.18019e+06 -1.18019e+06
-631.722 1.25538e+06 -1.25538e+06
-669.878 1.3312e+06 -1.3312e+06
-707.803 1.40656e+06 -1.40656e+06
-745.828 1.48212e+06 -1.48212e+06
-783.812 1.5576e+06 -1.5576e+06
-821.889 1.63327e+06 -1.63327e+06
-859.844 1.70869e+06 -1.70869e+06
-889.218 1.76705e+06 -1.76705e+06
-850.669 1.69045e+06 -1.69045e+06
-811.833 1.61328e+06 -1.61328e+06
-773.624 1.53736e+06 -1.53736e+06
-735.443 1.46149e+06 -1.46149e+06
-697.466 1.38602e+06 -1.38602e+06
-659.435 1.31045e+06 -1.31045e+06
-621.31 1.23468e+06 -1.23468e+06
-583.468 1.15949e+06 -1.15949e+06
-545.349 1.08374e+06 -1.08374e+06
-507.527 1.00858e+06 -1.00858e+06
-469.571 933150 -933150
-431.635 857763 -857763
-393.477 781935 -781935
-355.512 706491 -706491
-317.589 631128 -631128
-279.65 555735 -555735
-241.698 480314 -480314
-203.716 404835 -404835
-165.669 329226 -329226
-127.708 253789 -253789
-89.7211 178299 -178299
-51.8826 103104 -103104
-13.8854 27593.9 -27593.9
24.171 -48033.9 48033.9
62.0542 -123317 123317
100.082 -198889 198889
138.015 -274271 274271
175.919 -349596 349596
213.999 -425271 425271
251.986 -500760 500760
289.905 -576114 576114
327.954 -651725 651725
365.785 -726906 726906
403.817 -802483 802483
441.89 -878142 878142
479.95 -953775 953775
517.916 -1.02922e+06 1.02922e+06
555.858 -1.10462e+06 1.10462e+06
593.801 -1.18002e+06 1.18002e+06
631.758 -1.25545e+06 1.25545e+06
669.642 -1.33073e+06 1.33073e+06
707.812 -1.40658e+06 1.40658e+06
745.706 -1.48188e+06 1.48188e+06
783.698 -1.55738e+06 1.55738e+06
821.67 -1.63283e+06 1.63283e+06
859.719 -1.70844e+06 1.70844e+06
888.997 -1.76662e+06 1.76662e+06
850.52 -1.69016e+06 1.69016e+06
812.023 -1.61366e+06 1.61366e+06
773.662 -1.53743e+06 1.53743e+06
735.532 -1.46166e+06 1.46166e+06
697.445 -1.38598e+06 1.38598e+06
659.751 -1.31107e+06 1.31107e+06
621.669 -1.2354e+06 1.2354e+06
583.601 -1.15975e+06 1.15975e+06
545.629 -1.08429e+06 1.08429e+06
507.633 -1.00879e+06 1.00879e+06
469.717 -933441 933441
431.614 -857723 857723
393.647 -782273 782273
355.719 -706901 706901
317.618 -631186 631186
279.766 -555965 555965
241.765 -480447 480447
203.905 -405212 405212
165.68 -329247 329247
127.82 -254011 254011
89.8126 -178481 178481
51.7553 -102851 102851
13.8844 -27591.8 27591.8
-24.0474 47788.4 -47788.4
-62.095 123399 -123399
-99.9474 198621 -198621
-138.05 274340 -274340
-176.052 349860 -349860
-213.948 425168 -425168
-251.965 500718 -500718
-289.864 576033 -576033
-327.944 651707 -651707
-365.878 727091 -727091
-403.85 802548 -802548
-441.862 878087 -878087
-479.69 953259 -953259
-517.79 1.02897e+06 -1.02897e+06
-555.748 1.1044e+06 -1.1044e+06
-593.733 1.17988e+06 -1.17988e+06
-631.71 1.25535e+06 -1.25535e+06
-669.641 1.33073e+06 -1.33073e+06
-707.614 1.40619e+06 -1.40619e+06
-745.531 1.48153e+06 -1.48153e+06
-783.517 1.55702e+06 -1.55702e+06
-821.652 1.63279e+06 -1.63279e+06
-859.525 1.70805e+06 -1.70805e+06
-889.173 1.76697e+06 -1.76697e+06
-849.213 1.68756e+06 -1.68756e+06
-810.487 1.61061e+06 -1.61061e+06
-772.201 1.53453e+06 -1.53453e+06
-734.049 1.45872e+06 -1.45872e+06
-696.086 1.38328e+06 -1.38328e+06
-658.001 1.3076e+06 -1.3076e+06
-620.007 1.2321e+06 -1.2321e+06
-582.166 1.1569e+06 -1.1569e+06
-544.155 1.08136e+06 -1.08136e+06
-506.194 1.00593e+06 -1.00593e+06
-468.19 930405 -930405
-430.186 854885 -854885
-392.224 779445 -779445
-354.183 703848 -703848
-316.289 628545 -628545
-278.217 552886 -552886
-240.304 477545 -477545
-202.375 402170 -402170
-164.363 326632 -326632
-126.294 250978 -250978
-88.3286 175531 -175531
-50.4661 100289 -100289
-12.4563 24753.8 -24753.8
25.3944 -50465.2 50465.2
63.4467 -126085 126085
101.371 -201450 201450
139.444 -277110 277110
177.426 -352591 352591
215.319 -427894 427894
253.273 -503317 503317
291.316 -578918 578918
329.265 -654332 654332
367.192 -729702 729702
405.173 -805179 805179
443.226 -880798 880798
481.261 -956382 956382
519.202 -1.03178e+06 1.03178e+06
557.174 -1.10724e+06 1.10724e+06
595.099 -1.1826e+06 1.1826e+06
633.108 -1.25813e+06 1.25813e+06
671.056 -1.33354e+06 1.33354e+06
709.133 -1.4092e+06 1.4092e+06
746.952 -1.48436e+06 1.48436e+06
785.001 -1.55996e+06 1.55996e+06
823.047 -1.63557e+06 1.63557e+06
860.901 -1.71079e+06 1.71079e+06
889.108 -1.76684e+06 1.76684e+06
850.741 -1.6906e+06 1.6906e+06
812.104 -1.61382e+06 1.61382e+06
773.849 -1.5378e+06 1.5378e+06
735.862 -1.46232e+06 1.46232e+06
697.771 -1.38663e+06 1.38663e+06
659.903 -1.31138e+06 1.31138e+06
621.687 -1.23543e+06 1.23543e+06
583.833 -1.16021e+06 1.16021e+06
545.833 -1.0847e+06 1.0847e+06
507.763 -1.00905e+06 1.00905e+06
469.717 -933441 933441
431.83 -858150 858150
393.785 -782547 782547
355.848 -707157 707157
317.702 -631352 631352
279.791 -556015 556015
241.876 -480668 480668
203.867 -405135 405135
166.01 -329903 329903
128.08 -254527 254527
90.1403 -179132 179132
51.9414 -103221 103221
13.9712 -27764.3 27764.3
-23.9661 47626.8 -47626.8
-61.9784 123167 -123167
-99.8745 198476 -198476
-137.845 273933 -273933
-175.823 349404 -349404
-213.719 424714 -424714
-251.683 500158 -500158
-289.715 575735 -575735
-327.827 651474 -651474
-365.511 726360 -726360
-403.621 802093 -802093
-441.541 877450 -877450
-479.753 953385 -953385
-517.586 1.02857e+06 -1.02857e+06
-555.61 1.10413e+06 -1.10413e+06
-593.488 1.1794e+06 -1.1794e+06
-631.544 1.25502e+06 -1.25502e+06
-669.339 1.33013e+06 -1.33013e+06
-707.532 1.40602e+06 -1.40602e+06
-745.352 1.48118e+06 -1.48118e+06
-783.361 1.55671e+06 -1.55671e+06
-821.416 1.63232e+06 -1.63232e+06
-859.326 1.70766e+06 -1.70766e+06
-889.16 1.76694e+06 -1.76694e+06
-850.96 1.69103e+06 -1.69103e+06
-812.264 1.61414e+06 -1.61414e+06
-773.997 1.5381e+06 -1.5381e+06
-735.707 1.46201e+06 -1.46201e+06
-697.741 1.38657e+06 -1.38657e+06
-659.882 1.31133e+06 -1.31133e+06
-621.743 1.23555e+06 -1.23555e+06
-583.731 1.16001e+06 -1.16001e+06
-545.784 1.0846e+06 -1.0846e+06
-507.793 1.00911e+06 -1.00911e+06
-469.982 933966 -933966
-431.738 857967 -857967
-393.998 782971 -782971
-355.912 707285 -707285
-317.952 631850 -631850
-280.035 556499 -556499
-241.982 480880 -480880
-204.048 405495 -405495
-166.149 330181 -330181
-128.059 254486 -254486
-90.036 178924 -178924
-52.1269 103589 -103589
-14.2098 28238.6 -28238.6
23.773 -47243 47243
61.8575 -122927 122927
99.7834 -198295 198295
137.685 -273615 273615
175.63 -349021 349021
213.659 -424594 424594
251.638 -500067 500067
289.68 -575666 575666
327.584 -650990 650990
365.621 -726580 726580
403.55 -801952 801952
441.562 -877491 877491
479.561 -953003 953003
517.568 -1.02853e+06 1.02853e+06
555.594 -1.1041e+06 1.1041e+06
593.467 -1.17936e+06 1.17936e+06
631.44 -1.25481e+06 1.25481e+06
669.291 -1.33003e+06 1.33003e+06
707.39 -1.40574e+06 1.40574e+06
745.313 -1.4811e+06 1.4811e+06
783.202 -1.55639e+06 1.55639e+06
821.128 -1.63175e+06 1.63175e+06
859.273 -1.70755e+06 1.70755e+06
889.156 -1.76693e+06 1.76693e+06
850.875 -1.69086e+06 1.69086e+06
812.345 -1.6143e+06 1.6143e+06
773.94 -1.53798e+06 1.53798e+06
735.931 -1.46246e+06 1.46246e+06
697.804 -1.38669e+06 1.38669e+06
660.014 -1.3116e+06 1.3116e+06
621.974 -1.236e+06 1.236e+06
583.907 -1.16036e+06 1.16036e+06
545.92 -1.08487e+06 1.08487e+06
508.04 -1.0096e+06 1.0096e+06
469.919 -933843 933843
431.998 -858484 858484
394.036 -783047 783047
356.014 -707488 707488
318.01 -631965 631965
280.063 -556555 556555
241.964 -480844 480844
204.019 -405437 405437
166.058 -330000 330000
128.283 -254932 254932
90.2144 -179279 179279
52.1277 -103591 103591
14.098 -28016.4 28016.4
-23.7903 47277.3 -47277.3
-61.7752 122763 -122763
-99.7024 198134 -198134
-137.758 273760 -273760
-175.673 349107 -349107
-213.539 424357 -424357
-251.585 499962 -499962
-289.586 575479 -575479
-327.518 650859 -650859
-365.557 726453 -726453
-403.43 801713 -801713
-441.446 877259 -877259
-479.65 953180 -953180
-517.641 1.02868e+06 -1.02868e+06
-555.389 1.10369e+06 -1.10369e+06
-593.577 1.17957e+06 -1.17957e+06
-631.493 1.25492e+06 -1.25492e+06
-669.402 1.33025e+06 -1.33025e+06
-707.356 1.40567e+06 -1.40567e+06
-745.241 1.48096e+06 -1.48096e+06
-783.282 1.55655e+06 -1.55655e+06
-821.207 1.63191e+06 -1.63191e+06
-859.1 1.70721e+06 -1.70721e+06
-889.146 1.76691e+06 -1.76691e+06
-828.301 1.64601e+06 -1.64601e+06
-766.48 1.52316e+06 -1.52316e+06
-705.31 1.40161e+06 -1.40161e+06
-644.491 1.28075e+06 -1.28075e+06
-583.5 1.15955e+06 -1.15955e+06
-522.755 1.03884e+06 -1.03884e+06
-461.988 918082 -918082
-401.221 797324 -797324
-340.477 676612 -676612
-279.737 555908 -555908
-218.919 435048 -435048
-158.156 314296 -314296
-97.2689 193298 -193298
-36.7265 72984.9 -72984.9
23.9521 -47598.8 47598.8
84.9119 -168742 168742
145.644 -289431 289431
206.326 -410022 410022
267.121 -530836 530836
327.843 -651505 651505
388.698 -772438 772438
449.357 -892981 892981
510.207 -1.0139e+06 1.0139e+06
570.849 -1.13441e+06 1.13441e+06
631.587 -1.25511e+06 1.25511e+06
692.458 -1.37607e+06 1.37607e+06
753.308 -1.49699e+06 1.49699e+06
813.882 -1.61735e+06 1.61735e+06
874.699 -1.7382e+06 1.7382e+06
935.489 -1.859e+06 1.859e+06
996.294 -1.97982e+06 1.97982e+06
1056.95 -2.10035e+06 2.10035e+06
1117.76 -2.22118e+06 2.22118e+06
1178.58 -2.34202e+06 2.34202e+06
1185.56 -2.3559e+06 2.3559e+06
1122.72 -2.23103e+06 2.23103e+06
1060.91 -2.10822e+06 2.10822e+06
999.602 -1.9864e+06 1.9864e+06
938.745 -1.86547e+06 1.86547e+06
877.95 -1.74466e+06 1.74466e+06
817.823 -1.62519e+06 1.62519e+06
756.165 -1.50266e+06 1.50266e+06
695.282 -1.38168e+06 1.38168e+06
634.67 -1.26123e+06 1.26123e+06
573.901 -1.14047e+06 1.14047e+06
513.208 -1.01987e+06 1.01987e+06
452.381 -898990 898990
391.582 -778169 778169
330.787 -657355 657355
270.135 -536826 536826
209.326 -415984 415984
148.437 -294982 294982
87.689 -174260 174260
27.0888 -53832.4 53832.4
-33.8649 67298.1 -67298.1
-94.6013 187997 -187997
-155.211 308444 -308444
-215.822 428892 -428892
-276.779 550029 -550029
-337.56 670815 -670815
-398.317 791553 -791553
-458.909 911964 -911964
-519.802 1.03297e+06 -1.03297e+06
-580.544 1.15368e+06 -1.15368e+06
-641.315 1.27444e+06 -1.27444e+06
-702.079 1.39519e+06 -1.39519e+06
-762.754 1.51576e+06 -1.51576e+06
-823.491 1.63645e+06 -1.63645e+06
-884.46 1.7576e+06 -1.7576e+06
-945.082 1.87806e+06 -1.87806e+06
-1005.89 1.99889e+06 -1.99889e+06
-1066.78 2.11987e+06 -2.11987e+06
-1127.57 2.24068e+06 -2.24068e+06
-1185.72 2.35621e+06 -2.35621e+06
-1185.72 2.35621e+06 -2.35621e+06
-1122.74 2.23108e+06 -2.23108e+06
-1061.03 2.10845e+06 -2.10845e+06
-999.73 1.98665e+06 -1.98665e+06
-938.695 1.86537e+06 -1.86537e+06
-877.891 1.74455e+06 -1.74455e+06
-817.061 1.62367e+06 -1.62367e+06
-756.334 1.503e+06 -1.503e+06
-695.481 1.38208e+06 -1.38208e+06
-634.669 1.26123e+06 -1.26123e+06
-573.945 1.14056e+06 -1.14056e+06
-513.245 1.01994e+06 -1.01994e+06
-452.373 898975 -898975
-391.713 778429 -778429
-331.067 657913 -657913
-270.096 536748 -536748
-209.384 416100 -416100
-148.689 295483 -295483
-87.9082 174696 -174696
-27.168 53989.8 -53989.8
33.6093 -66790.3 66790.3
94.3824 -187562 187562
155.178 -308377 308377
215.838 -428924 428924
276.663 -549799 549799
337.309 -670316 670316
398.115 -791152 791152
458.917 -911978 911978
519.642 -1.03265e+06 1.03265e+06
580.43 -1.15345e+06 1.15345e+06
641.137 -1.27408e+06 1.27408e+06
701.863 -1.39476e+06 1.39476e+06
762.685 -1.51562e+06 1.51562e+06
823.529 -1.63653e+06 1.63653e+06
884.263 -1.75721e+06 1.75721e+06
945.036 -1.87797e+06 1.87797e+06
1005.8 -1.9987e+06 1.9987e+06
1066.53 -2.11939e+06 2.11939e+06
1127.23 -2.23999e+06 2.23999e+06
1185.75 -2.35628e+06 2.35628e+06
1185.75 -2.35628e+06 2.35628e+06
1122.99 -2.23157e+06 2.23157e+06
1061.02 -2.10845e+06 2.10845e+06
999.929 -1.98705e+06 1.98705e+06
938.862 -1.8657e+06 1.8657e+06
878.192 -1.74515e+06 1.74515e+06
817.426 -1.6244e+06 1.6244e+06
756.908 -1.50414e+06 1.50414e+06
695.383 -1.38188e+06 1.38188e+06
634.733 -1.26136e+06 1.26136e+06
574.022 -1.14072e+06 1.14072e+06
513.281 -1.02001e+06 1.02001e+06
452.557 -899340 899340
391.857 -778717 778717
331.074 -657927 657927
270.233 -537020 537020
209.58 -416488 416488
148.753 -295610 295610
87.9957 -174870 174870
27.2904 -54232.9 54232.9
-33.4697 66512.9 -66512.9
-94.0639 186929 -186929
-154.953 307931 -307931
-215.894 429035 -429035
-276.588 549650 -549650
-337.322 670342 -670342
-398.053 791029 -791029
-458.853 911851 -911851
-519.575 1.03252e+06 -1.03252e+06
-580.302 1.15319e+06 -1.15319e+06
-641.085 1.27398e+06 -1.27398e+06
-701.884 1.3948e+06 -1.3948e+06
-762.567 1.51538e+06 -1.51538e+06
-823.394 1.63626e+06 -1.63626e+06
-884.131 1.75695e+06 -1.75695e+06
-944.969 1.87784e+06 -1.87784e+06
-1005.56 1.99824e+06 -1.99824e+06
-1066.4 2.11914e+06 -2.11914e+06
-1127.26 2.24005e+06 -2.24005e+06
-1185.7 2.35618e+06 -2.35618e+06
-1185.7 2.35618e+06 -2.35618e+06
-1123.21 2.232e+06 -2.232e+06
-1061.2 2.10879e+06 -2.10879e+06
-999.913 1.98701e+06 -1.98701e+06
-938.938 1.86585e+06 -1.86585e+06
-878.134 1.74503e+06 -1.74503e+06
-817.334 1.62421e+06 -1.62421e+06
-756.449 1.50323e+06 -1.50323e+06
-695.763 1.38263e+06 -1.38263e+06
-634.988 1.26186e+06 -1.26186e+06
-574.253 1.14117e+06 -1.14117e+06
-513.382 1.02021e+06 -1.02021e+06
-452.631 899486 -899486
-391.874 778750 -778750
-331.13 658036 -658036
-270.33 537214 -537214
-209.6 416528 -416528
-148.866 295834 -295834
-88.1607 175198 -175198
-27.2761 54204.6 -54204.6
33.3838 -66342 66342
94.0918 -186984 186984
154.882 -307790 307790
215.543 -428339 428339
276.368 -549213 549213
337.226 -670152 670152
397.843 -790612 790612
458.65 -911448 911448
519.356 -1.03208e+06 1.03208e+06
580.176 -1.15295e+06 1.15295e+06
641.112 -1.27404e+06 1.27404e+06
701.808 -1.39465e+06 1.39465e+06
762.476 -1.51521e+06 1.51521e+06
823.218 -1.63591e+06 1.63591e+06
884.061 -1.75681e+06 1.75681e+06
944.788 -1.87748e+06 1.87748e+06
1005.49 -1.99809e+06 1.99809e+06
1066.3 -2.11893e+06 2.11893e+06
1127.13 -2.2398e+06 2.2398e+06
1185.55 -2.35588e+06 2.35588e+06
1185.55 -2.35588e+06 2.35588e+06
1123.11 -2.23181e+06 2.23181e+06
1061.28 -2.10895e+06 2.10895e+06
1000.1 -1.98738e+06 1.98738e+06
939.019 -1.86601e+06 1.86601e+06
878.288 -1.74534e+06 1.74534e+06
817.868 -1.62528e+06 1.62528e+06
757.51 -1.50534e+06 1.50534e+06
695.572 -1.38226e+06 1.38226e+06
635.002 -1.26189e+06 1.26189e+06
574.513 -1.14169e+06 1.14169e+06
513.528 -1.0205e+06 1.0205e+06
452.814 -899851 899851
392.091 -779181 779181
331.374 -658523 658523
270.623 -537796 537796
209.748 -416822 416822
148.965 -296032 296032
88.2479 -175371 175371
27.4224 -54495.4 54495.4
-33.2887 66153.2 -66153.2
-94.0252 186852 -186852
-154.794 307615 -307615
-215.568 428387 -428387
-276.301 549080 -549080
-337.213 670125 -670125
-397.844 790613 -790613
-458.645 911438 -911438
-519.284 1.03194e+06 -1.03194e+06
-580.06 1.15271e+06 -1.15271e+06
-640.848 1.27351e+06 -1.27351e+06
-701.611 1.39426e+06 -1.39426e+06
-762.424 1.5151e+06 -1.5151e+06
-823.113 1.6357e+06 -1.6357e+06
-883.901 1.75649e+06 -1.75649e+06
-944.84 1.87758e+06 -1.87758e+06
-1005.31 1.99774e+06 -1.99774e+06
-1066.13 2.1186e+06 -2.1186e+06
-1126.89 2.23933e+06 -2.23933e+06
-1185.78 2.35634e+06 -2.35634e+06
-1185.78 2.35634e+06 -2.35634e+06
-1123.32 2.23222e+06 -2.23222e+06
-1061.42 2.10923e+06 -2.10923e+06
-1000.21 1.9876e+06 -1.9876e+06
-939.11 1.8662e+06 -1.8662e+06
-878.323 1.74541e+06 -1.74541e+06
-817.603 1.62475e+06 -1.62475e+06
-756.813 1.50395e+06 -1.50395e+06
-696.071 1.38325e+06 -1.38325e+06
-635.243 1.26237e+06 -1.26237e+06
-574.463 1.14159e+06 -1.14159e+06
-513.723 1.02089e+06 -1.02089e+06
-452.884 899989 -899989
-392.15 779298 -779298
-331.445 658664 -658664
-270.666 537880 -537880
-210.003 417330 -417330
-149.239 296575 -296575
-88.4833 175839 -175839
-27.7211 55089 -55089
33.0588 -65696.2 65696.2
93.9379 -186679 186679
154.648 -307325 307325
215.438 -428130 428130
276.15 -548779 548779
336.963 -669630 669630
397.691 -790310 790310
458.479 -911108 911108
519.315 -1.032e+06 1.032e+06
579.823 -1.15224e+06 1.15224e+06
640.791 -1.2734e+06 1.2734e+06
701.485 -1.39401e+06 1.39401e+06
762.187 -1.51463e+06 1.51463e+06
822.943 -1.63536e+06 1.63536e+06
883.619 -1.75593e+06 1.75593e+06
944.542 -1.87699e+06 1.87699e+06
1005.31 -1.99775e+06 1.99775e+06
1066.08 -2.1185e+06 2.1185e+06
1126.82 -2.23919e+06 2.23919e+06
1185.62 -2.35602e+06 2.35602e+06
1185.62 -2.35602e+06 2.35602e+06
1123.41 -2.23241e+06 2.23241e+06
1061.48 -2.10936e+06 2.10936e+06
1000.25 -1.98769e+06 1.98769e+06
939.447 -1.86686e+06 1.86686e+06
878.549 -1.74586e+06 1.74586e+06
817.855 -1.62525e+06 1.62525e+06
757.678 -1.50567e+06 1.50567e+06
695.864 -1.38284e+06 1.38284e+06
635.195 -1.26228e+06 1.26228e+06
574.655 -1.14197e+06 1.14197e+06
513.803 -1.02105e+06 1.02105e+06
453.107 -900434 900434
392.318 -779632 779632
331.7 -659170 659170
270.837 -538220 538220
210.084 -417489 417489
149.121 -296342 296342
88.481 -175834 175834
27.6983 -55043.5 55043.5
-32.9969 65573.3 -65573.3
-93.7735 186352 -186352
-154.489 307009 -307009
-215.288 427831 -427831
-276.009 548500 -548500
-337.006 669715 -669715
-397.571 790070 -790070
-458.348 910847 -910847
-518.993 1.03136e+06 -1.03136e+06
-579.767 1.15213e+06 -1.15213e+06
-640.615 1.27305e+06 -1.27305e+06
-701.272 1.39358e+06 -1.39358e+06
-762.053 1.51436e+06 -1.51436e+06
-822.96 1.63539e+06 -1.63539e+06
-883.647 1.75599e+06 -1.75599e+06
-944.364 1.87663e+06 -1.87663e+06
-1005.09 1.9973e+06 -1.9973e+06
-1066.01 2.11835e+06 -2.11835e+06
-1126.94 2.23941e+06 -2.23941e+06
-1185.68 2.35613e+06 -2.35613e+06
-1185.68 2.35613e+06 -2.35613e+06
-1092.26 2.17051e+06 -2.17051e+06
-1000.02 1.98723e+06 -1.98723e+06
-908.44 1.80525e+06 -1.80525e+06
-816.79 1.62313e+06 -1.62313e+06
-725.5 1.44173e+06 -1.44173e+06
-634.465 1.26083e+06 -1.26083e+06
-543.193 1.07945e+06 -1.07945e+06
-452.058 898348 -898348
-360.932 717261 -717261
-269.84 536240 -536240
-178.757 355235 -355235
-87.5202 173925 -173925
3.68308 -7319.23 7319.23
94.6865 -188166 188166
185.885 -369400 369400
277.131 -550728 550728
368.061 -731428 731428
459.434 -913006 913006
550.239 -1.09345e+06 1.09345e+06
641.638 -1.27508e+06 1.27508e+06
732.716 -1.45607e+06 1.45607e+06
823.809 -1.63708e+06 1.63708e+06
914.868 -1.81802e+06 1.81802e+06
1006.16 -1.99943e+06 1.99943e+06
1097.32 -2.18056e+06 2.18056e+06
1188.52 -2.36178e+06 2.36178e+06
1279.48 -2.54252e+06 2.54252e+06
1370.67 -2.7237e+06 2.7237e+06
1392.19 -2.76905e+06 2.76905e+06
1395.83 -2.77955e+06 2.77955e+06
1399.46 -2.79003e+06 2.79003e+06
1403.11 -2.80054e+06 2.80054e+06
1404.83 -2.80549e+06 2.80549e+06
1314.03 -2.6251e+06 2.6251e+06
1221.51 -2.44127e+06 2.44127e+06
1129.77 -2.25899e+06 2.25899e+06
1038.62 -2.07788e+06 2.07788e+06
947.983 -1.89779e+06 1.89779e+06
856.092 -1.71519e+06 1.71519e+06
765.133 -1.53445e+06 1.53445e+06
674.149 -1.35365e+06 1.35365e+06
583.197 -1.17291e+06 1.17291e+06
492.239 -992164 992164
401.434 -811713 811713
310.252 -630512 630512
219.256 -449678 449678
128.365 -269052 269052
37.509 -88493.3 88493.3
-53.7054 92778.5 -92778.5
-144.679 273573 -273573
-235.445 453955 -453955
-326.491 634893 -634893
-417.41 815577 -815577
-508.39 996383 -996383
-599.401 1.17725e+06 -1.17725e+06
-690.385 1.35806e+06 -1.35806e+06
-781.486 1.5391e+06 -1.5391e+06
-872.36 1.7197e+06 -1.7197e+06
-963.357 1.90053e+06 -1.90053e+06
-1054.23 2.08112e+06 -2.08112e+06
-1145.29 2.26206e+06 -2.26206e+06
-1236.31 2.44293e+06 -2.44293e+06
-1327.36 2.62386e+06 -2.62386e+06
-1371.16 2.71266e+06 -2.71266e+06
-1374.77 2.72311e+06 -2.72311e+06
-1378.39 2.73358e+06 -2.73358e+06
-1382.01 2.74404e+06 -2.74404e+06
-1385.63 2.7545e+06 -2.7545e+06
-1389.26 2.76497e+06 -2.76497e+06
-1392.88 2.77543e+06 -2.77543e+06
-1396.51 2.78591e+06 -2.78591e+06
-1400.12 2.79632e+06 -2.79632e+06
-1400.12 2.79632e+06 -2.79632e+06
-1309.61 2.61649e+06 -2.61649e+06
-1217.33 2.43312e+06 -2.43312e+06
-1125.99 2.25164e+06 -2.25164e+06
-1034.96 2.07074e+06 -2.07074e+06
-944.241 1.89047e+06 -1.89047e+06
-853.516 1.71018e+06 -1.71018e+06
-762.772 1.52985e+06 -1.52985e+06
-672.121 1.34971e+06 -1.34971e+06
-581.473 1.16956e+06 -1.16956e+06
-490.767 989300 -989300
-400.064 809040 -809040
-309.651 629355 -629355
-218.91 449015 -449015
-128.28 268895 -268895
-37.6364 88745.9 -88745.9
53.0839 -91556.2 91556.2
143.851 -271952 271952
234.37 -451856 451856
324.897 -631775 631775
415.631 -812104 812104
506.131 -991969 991969
596.95 -1.17247e+06 1.17247e+06
687.511 -1.35245e+06 1.35245e+06
778.239 -1.53276e+06 1.53276e+06
868.976 -1.71309e+06 1.71309e+06
959.462 -1.89292e+06 1.89292e+06
1050.15 -2.07316e+06 2.07316e+06
1140.94 -2.25358e+06 2.25358e+06
1231.65 -2.43385e+06 2.43385e+06
1322.17 -2.61373e+06 2.61373e+06
1366.58 -2.70372e+06 2.70372e+06
1370.18 -2.71415e+06 2.71415e+06
1373.78 -2.72458e+06 2.72458e+06
1377.38 -2.735e+06 2.735e+06
1380.98 -2.74543e+06 2.74543e+06
1384.59 -2.75585e+06 2.75585e+06
1388.19 -2.76629e+06 2.76629e+06
1391.81 -2.77673e+06 2.77673e+06
1395.39 -2.78709e+06 2.78709e+06
1395.39 -2.78709e+06 2.78709e+06
1305.64 -2.60876e+06 2.60876e+06
1213.7 -2.42606e+06 2.42606e+06
1122.72 -2.24526e+06 2.24526e+06
1032.09 -2.06517e+06 2.06517e+06
941.996 -1.88612e+06 1.88612e+06
850.964 -1.70521e+06 1.70521e+06
760.53 -1.52548e+06 1.52548e+06
670.306 -1.34617e+06 1.34617e+06
580.067 -1.16683e+06 1.16683e+06
489.674 -987174 987174
399.451 -807856 807856
309.102 -628285 628285
218.723 -448652 448652
128.452 -269234 269234
38.2108 -89871.9 89871.9
-52.3091 90044.1 -90044.1
-142.608 269523 -269523
-232.953 449091 -449091
-323.243 628552 -628552
-413.499 807944 -807944
-503.739 987304 -987304
-594.009 1.16672e+06 -1.16672e+06
-684.374 1.34633e+06 -1.34633e+06
-774.701 1.52586e+06 -1.52586e+06
-865.105 1.70554e+06 -1.70554e+06
-955.21 1.88463e+06 -1.88463e+06
-1045.7 2.06447e+06 -2.06447e+06
-1136.02 2.24398e+06 -2.24398e+06
-1226.47 2.42373e+06 -2.42373e+06
-1316.78 2.60322e+06 -2.60322e+06
-1361.95 2.6947e+06 -2.6947e+06
-1365.53 2.70509e+06 -2.70509e+06
-1369.12 2.71548e+06 -2.71548e+06
-1372.71 2.72589e+06 -2.72589e+06
-1376.3 2.73629e+06 -2.73629e+06
-1379.87 2.74665e+06 -2.74665e+06
-1383.46 2.75705e+06 -2.75705e+06
-1387.05 2.76745e+06 -2.76745e+06
-1390.63 2.77781e+06 -2.77781e+06
-1390.63 2.77781e+06 -2.77781e+06
-1279.01 2.55599e+06 -2.55599e+06
-1164.73 2.32889e+06 -2.32889e+06
-1051.45 2.10376e+06 -2.10376e+06
-938.691 1.87967e+06 -1.87967e+06
-826.039 1.65578e+06 -1.65578e+06
-713.451 1.43201e+06 -1.43201e+06
-600.813 1.20813e+06 -1.20813e+06
-488.374 984647 -984647
-375.767 760826 -760826
-263.408 537492 -537492
-150.759 313579 -313579
-38.3093 90062.7 -90062.7
74.0795 -133335 133335
186.499 -356795 356795
299.015 -580448 580448
411.539 -804116 804116
524.107 -1.02787e+06 1.02787e+06
636.532 -1.25134e+06 1.25134e+06
748.985 -1.47486e+06 1.47486e+06
861.392 -1.69829e+06 1.69829e+06
974.026 -1.92217e+06 1.92217e+06
1086.49 -2.14571e+06 2.14571e+06
1199 -2.36932e+06 2.36932e+06
1311.4 -2.59273e+06 2.59273e+06
1358.21 -2.68825e+06 2.68825e+06
1362.67 -2.70121e+06 2.70121e+06
1367.13 -2.71416e+06 2.71416e+06
1371.59 -2.7271e+06 2.7271e+06
1376.04 -2.74003e+06 2.74003e+06
1380.51 -2.753e+06 2.753e+06
1384.97 -2.76594e+06 2.76594e+06
1389.44 -2.7789e+06 2.7789e+06
1393.91 -2.79185e+06 2.79185e+06
1398.37 -2.8048e+06 2.8048e+06
1402.84 -2.81774e+06 2.81774e+06
1407.31 -2.83068e+06 2.83068e+06
1409.1 -2.83588e+06 2.83588e+06
1293.76 -2.60667e+06 2.60667e+06
1180.17 -2.38093e+06 2.38093e+06
1067.47 -2.15697e+06 2.15697e+06
955.304 -1.93404e+06 1.93404e+06
843.597 -1.71202e+06 1.71202e+06
731.533 -1.48928e+06 1.48928e+06
619.677 -1.26695e+06 1.26695e+06
507.968 -1.04491e+06 1.04491e+06
396.347 -823035 823035
284.342 -600390 600390
172.676 -378414 378414
60.7969 -156011 156011
-50.9788 66190.7 -66190.7
-162.68 288247 -288247
-274.405 510353 -510353
-386.108 732417 -732417
-497.793 954447 -954447
-609.645 1.17681e+06 -1.17681e+06
-721.23 1.39864e+06 -1.39864e+06
-833.036 1.62091e+06 -1.62091e+06
-944.812 1.84312e+06 -1.84312e+06
-1056.59 2.06534e+06 -2.06534e+06
-1168.39 2.28758e+06 -2.28758e+06
-1280.24 2.50993e+06 -2.50993e+06
-1323.42 2.5984e+06 -2.5984e+06
-1327.82 2.61124e+06 -2.61124e+06
-1332.2 2.62406e+06 -2.62406e+06
-1336.59 2.63689e+06 -2.63689e+06
-1340.99 2.64972e+06 -2.64972e+06
-1345.38 2.66256e+06 -2.66256e+06
-1349.77 2.67537e+06 -2.67537e+06
-1354.17 2.68821e+06 -2.68821e+06
-1358.57 2.70103e+06 -2.70103e+06
-1362.97 2.71386e+06 -2.71386e+06
-1367.37 2.7267e+06 -2.7267e+06
-1371.77 2.73952e+06 -2.73952e+06
-1376.17 2.75233e+06 -2.75233e+06
-1380.58 2.76518e+06 -2.76518e+06
-1384.98 2.77801e+06 -2.77801e+06
-1389.39 2.79083e+06 -2.79083e+06
-1393.8 2.80368e+06 -2.80368e+06
-1396.28 2.81087e+06 -2.81087e+06
-1282.29 2.58431e+06 -2.58431e+06
-1169.72 2.36056e+06 -2.36056e+06
-1058.21 2.13892e+06 -2.13892e+06
-947.2 1.91825e+06 -1.91825e+06
-836.249 1.6977e+06 -1.6977e+06
-725.474 1.47748e+06 -1.47748e+06
-614.885 1.25763e+06 -1.25763e+06
-503.992 1.03717e+06 -1.03717e+06
-393.25 816998 -816998
-282.495 596798 -596798
-171.822 376756 -376756
-61.2768 156965 -156965
49.5196 -63329.9 63329.9
160.296 -283588 283588
270.914 -503534 503534
381.677 -723770 723770
492.374 -943875 943875
602.997 -1.16383e+06 1.16383e+06
713.77 -1.38409e+06 1.38409e+06
824.536 -1.60434e+06 1.60434e+06
935.205 -1.82439e+06 1.82439e+06
1045.99 -2.04466e+06 2.04466e+06
1156.66 -2.26471e+06 2.26471e+06
1267.35 -2.48479e+06 2.48479e+06
1311.64 -2.57542e+06 2.57542e+06
1315.96 -2.58812e+06 2.58812e+06
1320.3 -2.60086e+06 2.60086e+06
1324.63 -2.61355e+06 2.61355e+06
1328.96 -2.62626e+06 2.62626e+06
1333.29 -2.63897e+06 2.63897e+06
1337.63 -2.65169e+06 2.65169e+06
1341.96 -2.66439e+06 2.66439e+06
1346.3 -2.6771e+06 2.6771e+06
1350.64 -2.68982e+06 2.68982e+06
1354.98 -2.70252e+06 2.70252e+06
1359.32 -2.71524e+06 2.71524e+06
1363.66 -2.72796e+06 2.72796e+06
1368.01 -2.74068e+06 2.74068e+06
1372.36 -2.75339e+06 2.75339e+06
1376.7 -2.76609e+06 2.76609e+06
1381.05 -2.77881e+06 2.77881e+06
1383.51 -2.78598e+06 2.78598e+06
1270.68 -2.5617e+06 2.5617e+06
1159.46 -2.34059e+06 2.34059e+06
1048.95 -2.12088e+06 2.12088e+06
938.89 -1.90206e+06 1.90206e+06
829.123 -1.68382e+06 1.68382e+06
719.308 -1.46547e+06 1.46547e+06
609.582 -1.24729e+06 1.24729e+06
499.867 -1.02913e+06 1.02913e+06
390.41 -811478 811478
280.435 -592788 592788
170.824 -374817 374817
61.2348 -156885 156885
-48.5276 61395.3 -61395.3
-158.139 279377 -279377
-267.718 497299 -497299
-377.344 715313 -715313
-486.987 933364 -933364
-596.781 1.15172e+06 -1.15172e+06
-706.16 1.36924e+06 -1.36924e+06
-815.922 1.58753e+06 -1.58753e+06
-925.624 1.8057e+06 -1.8057e+06
-1035.16 2.02353e+06 -2.02353e+06
-1144.89 2.24176e+06 -2.24176e+06
-1254.63 2.45998e+06 -2.45998e+06
-1299.46 2.55166e+06 -2.55166e+06
-1303.72 2.56423e+06 -2.56423e+06
-1307.99 2.57685e+06 -2.57685e+06
-1312.26 2.58943e+06 -2.58943e+06
-1316.53 2.60202e+06 -2.60202e+06
-1320.8 2.61461e+06 -2.61461e+06
-1325.07 2.6272e+06 -2.6272e+06
-1329.34 2.63978e+06 -2.63978e+06
-1333.62 2.65238e+06 -2.65238e+06
-1337.89 2.66496e+06 -2.66496e+06
-1342.18 2.67756e+06 -2.67756e+06
-1346.45 2.69014e+06 -2.69014e+06
-1350.73 2.70274e+06 -2.70274e+06
-1355.01 2.71532e+06 -2.71532e+06
-1359.3 2.72792e+06 -2.72792e+06
-1363.58 2.7405e+06 -2.7405e+06
-1367.87 2.75309e+06 -2.75309e+06
-1370.29 2.76022e+06 -2.76022e+06
-1221.74 2.46485e+06 -2.46485e+06
-1075.04 2.17315e+06 -2.17315e+06
-929.258 1.88325e+06 -1.88325e+06
-784.073 1.59453e+06 -1.59453e+06
-639.164 1.30635e+06 -1.30635e+06
-494.244 1.01813e+06 -1.01813e+06
-349.43 730112 -730112
-204.611 442075 -442075
-59.9148 154273 -154273
85.0599 -134087 134087
229.841 -422069 422069
374.515 -709840 709840
519.326 -997885 997885
664.16 -1.28598e+06 1.28598e+06
808.904 -1.57389e+06 1.57389e+06
953.69 -1.86189e+06 1.86189e+06
1098.46 -2.14985e+06 2.14985e+06
1243.3 -2.43795e+06 2.43795e+06
1288.73 -2.53221e+06 2.53221e+06
1294.34 -2.54885e+06 2.54885e+06
1299.95 -2.56547e+06 2.56547e+06
1305.56 -2.5821e+06 2.5821e+06
1311.17 -2.59872e+06 2.59872e+06
1316.79 -2.61535e+06 2.61535e+06
1322.4 -2.63197e+06 2.63197e+06
1328.02 -2.64859e+06 2.64859e+06
1333.64 -2.66521e+06 2.66521e+06
1339.28 -2.68187e+06 2.68187e+06
1344.9 -2.69849e+06 2.69849e+06
1350.52 -2.71508e+06 2.71508e+06
1356.17 -2.73175e+06 2.73175e+06
1361.8 -2.74836e+06 2.74836e+06
1367.43 -2.76498e+06 2.76498e+06
1373.07 -2.78161e+06 2.78161e+06
1378.72 -2.79824e+06 2.79824e+06
1384.37 -2.81489e+06 2.81489e+06
1390.01 -2.83149e+06 2.83149e+06
1395.67 -2.84813e+06 2.84813e+06
1401.15 -2.86425e+06 2.86425e+06
1401.15 -2.86425e+06 2.86425e+06
1255.38 -2.57442e+06 2.57442e+06
1110.71 -2.28677e+06 2.28677e+06
967.124 -2.00124e+06 2.00124e+06
824.299 -1.7172e+06 1.7172e+06
681.396 -1.43299e+06 1.43299e+06
538.855 -1.14948e+06 1.14948e+06
396.438 -866194 866194
253.92 -582695 582695
111.314 -299005 299005
-31.1167 -15649 15649
-173.647 267916 -267916
-315.948 551036 -551036
-458.449 834564 -834564
-600.747 1.1177e+06 -1.1177e+06
-743.241 1.40122e+06 -1.40122e+06
-885.78 1.68485e+06 -1.68485e+06
-1028.14 1.96813e+06 -1.96813e+06
-1170.64 2.25168e+06 -2.25168e+06
-1217.05 2.34788e+06 -2.34788e+06
-1222.45 2.36413e+06 -2.36413e+06
-1227.83 2.38035e+06 -2.38035e+06
-1233.23 2.3966e+06 -2.3966e+06
-1238.62 2.41283e+06 -2.41283e+06
-1244.02 2.42905e+06 -2.42905e+06
-1249.41 2.44528e+06 -2.44528e+06
-1254.82 2.46151e+06 -2.46151e+06
-1260.22 2.47776e+06 -2.47776e+06
-1265.63 2.494e+06 -2.494e+06
-1271.03 2.51022e+06 -2.51022e+06
-1276.45 2.52648e+06 -2.52648e+06
-1281.86 2.54269e+06 -2.54269e+06
-1287.27 2.55893e+06 -2.55893e+06
-1292.69 2.57517e+06 -2.57517e+06
-1298.1 2.59137e+06 -2.59137e+06
-1303.53 2.60763e+06 -2.60763e+06
-1308.95 2.62387e+06 -2.62387e+06
-1314.37 2.64009e+06 -2.64009e+06
-1319.8 2.65631e+06 -2.65631e+06
-1325.24 2.67258e+06 -2.67258e+06
-1330.67 2.6888e+06 -2.6888e+06
-1336.1 2.70502e+06 -2.70502e+06
-1341.55 2.72127e+06 -2.72127e+06
-1346.99 2.7375e+06 -2.7375e+06
-1352.44 2.75375e+06 -2.75375e+06
-1357.89 2.76999e+06 -2.76999e+06
-1363.33 2.78623e+06 -2.78623e+06
-1367.55 2.79877e+06 -2.79877e+06
-1225.03 2.51529e+06 -2.51529e+06
-1083.7 2.23413e+06 -2.23413e+06
-943.579 1.95537e+06 -1.95537e+06
-803.832 1.67732e+06 -1.67732e+06
-664.178 1.39944e+06 -1.39944e+06
-524.922 1.12234e+06 -1.12234e+06
-385.574 845028 -845028
-246.179 567610 -567610
-107.035 290680 -290680
32.3575 13240.1 -13240.1
171.426 -263567 263567
310.857 -541104 541104
450.095 -818270 818270
589.276 -1.09533e+06 1.09533e+06
728.398 -1.37227e+06 1.37227e+06
867.719 -1.64962e+06 1.64962e+06
1006.83 -1.92655e+06 1.92655e+06
1146.21 -2.20403e+06 2.20403e+06
1189.23 -2.29362e+06 2.29362e+06
1194.41 -2.30945e+06 2.30945e+06
1199.61 -2.32532e+06 2.32532e+06
1204.8 -2.34115e+06 2.34115e+06
1210 -2.357e+06 2.357e+06
1215.19 -2.37285e+06 2.37285e+06
1220.4 -2.3887e+06 2.3887e+06
1225.6 -2.40454e+06 2.40454e+06
1230.8 -2.42039e+06 2.42039e+06
1236.01 -2.43624e+06 2.43624e+06
1241.21 -2.45207e+06 2.45207e+06
1246.42 -2.46792e+06 2.46792e+06
1251.64 -2.48376e+06 2.48376e+06
1256.86 -2.49962e+06 2.49962e+06
1262.07 -2.51547e+06 2.51547e+06
1267.29 -2.5313e+06 2.5313e+06
1272.51 -2.54716e+06 2.54716e+06
1277.74 -2.563e+06 2.563e+06
1282.96 -2.57885e+06 2.57885e+06
1288.19 -2.5947e+06 2.5947e+06
1293.42 -2.61054e+06 2.61054e+06
1298.66 -2.6264e+06 2.6264e+06
1303.89 -2.64224e+06 2.64224e+06
1309.13 -2.65808e+06 2.65808e+06
1314.37 -2.67393e+06 2.67393e+06
1319.63 -2.6898e+06 2.6898e+06
1324.87 -2.70562e+06 2.70562e+06
1330.12 -2.72148e+06 2.72148e+06
1334.18 -2.73374e+06 2.73374e+06
1195.57 -2.4579e+06 2.4579e+06
1057.44 -2.18296e+06 2.18296e+06
920.383 -1.91017e+06 1.91017e+06
784.008 -1.6387e+06 1.6387e+06
647.635 -1.36721e+06 1.36721e+06
511.472 -1.09613e+06 1.09613e+06
375.341 -825091 825091
239.274 -554167 554167
103.276 -283363 283363
-32.7772 -12438.7 12438.7
-168.792 258421 -258421
-304.872 529423 -529423
-440.793 800116 -800116
-576.811 1.07101e+06 -1.07101e+06
-712.872 1.342e+06 -1.342e+06
-848.905 1.61293e+06 -1.61293e+06
-984.851 1.8837e+06 -1.8837e+06
-1121.02 2.1549e+06 -2.1549e+06
-1158.83 2.23435e+06 -2.23435e+06
-1163.79 2.24975e+06 -2.24975e+06
-1168.77 2.26519e+06 -2.26519e+06
-1173.75 2.2806e+06 -2.2806e+06
-1178.73 2.29602e+06 -2.29602e+06
-1183.7 2.31143e+06 -2.31143e+06
-1188.69 2.32687e+06 -2.32687e+06
-1193.67 2.34229e+06 -2.34229e+06
-1198.66 2.3577e+06 -2.3577e+06
-1203.65 2.37313e+06 -2.37313e+06
-1208.64 2.38856e+06 -2.38856e+06
-1213.63 2.40396e+06 -2.40396e+06
-1218.62 2.41939e+06 -2.41939e+06
-1223.63 2.43483e+06 -2.43483e+06
-1228.63 2.45025e+06 -2.45025e+06
-1233.62 2.46566e+06 -2.46566e+06
-1238.63 2.48109e+06 -2.48109e+06
-1243.64 2.49652e+06 -2.49652e+06
-1248.64 2.51194e+06 -2.51194e+06
-1253.66 2.52736e+06 -2.52736e+06
-1258.67 2.54278e+06 -2.54278e+06
-1263.69 2.55821e+06 -2.55821e+06
-1268.7 2.57363e+06 -2.57363e+06
-1273.72 2.58906e+06 -2.58906e+06
-1278.75 2.60447e+06 -2.60447e+06
-1283.78 2.61992e+06 -2.61992e+06
-1288.81 2.63534e+06 -2.63534e+06
-1293.84 2.65077e+06 -2.65077e+06
-1297.75 2.66275e+06 -2.66275e+06
-1162.66 2.39376e+06 -2.39376e+06
-1027.84 2.1253e+06 -2.1253e+06
-894.049 1.85886e+06 -1.85886e+06
-760.811 1.5935e+06 -1.5935e+06
-627.836 1.32865e+06 -1.32865e+06
-494.757 1.06357e+06 -1.06357e+06
-362.017 799143 -799143
-229.32 534792 -534792
-96.4364 270056 -270056
36.4966 5207.98 -5207.98
169.114 -259022 259022
301.907 -523613 523613
434.798 -788407 788407
567.623 -1.05308e+06 1.05308e+06
700.331 -1.31752e+06 1.31752e+06
833.185 -1.58226e+06 1.58226e+06
965.916 -1.84676e+06 1.84676e+06
1098.62 -2.11122e+06 2.11122e+06
1128.31 -2.17482e+06 2.17482e+06
1133.07 -2.18984e+06 2.18984e+06
1137.82 -2.20481e+06 2.20481e+06
1142.58 -2.21981e+06 2.21981e+06
1147.34 -2.23481e+06 2.23481e+06
1152.11 -2.24981e+06 2.24981e+06
1156.87 -2.26481e+06 2.26481e+06
1161.63 -2.2798e+06 2.2798e+06
1166.41 -2.29481e+06 2.29481e+06
1171.18 -2.30981e+06 2.30981e+06
1175.95 -2.3248e+06 2.3248e+06
1180.72 -2.3398e+06 2.3398e+06
1185.5 -2.3548e+06 2.3548e+06
1190.28 -2.36979e+06 2.36979e+06
1195.06 -2.3848e+06 2.3848e+06
1199.85 -2.39979e+06 2.39979e+06
1204.63 -2.41478e+06 2.41478e+06
1209.42 -2.4298e+06 2.4298e+06
1214.21 -2.44478e+06 2.44478e+06
1219 -2.45979e+06 2.45979e+06
1223.8 -2.47478e+06 2.47478e+06
1228.6 -2.48979e+06 2.48979e+06
1233.4 -2.50478e+06 2.50478e+06
1238.2 -2.51979e+06 2.51979e+06
1243.01 -2.53479e+06 2.53479e+06
1247.81 -2.54979e+06 2.54979e+06
1252.63 -2.56481e+06 2.56481e+06
1257.43 -2.57979e+06 2.57979e+06
1262.25 -2.5948e+06 2.5948e+06
1267.07 -2.60979e+06 2.60979e+06
1271.89 -2.62482e+06 2.62482e+06
1276.72 -2.63982e+06 2.63982e+06
1281.54 -2.65482e+06 2.65482e+06
1286.38 -2.66984e+06 2.66984e+06
1291.21 -2.68484e+06 2.68484e+06
1296.04 -2.69985e+06 2.69985e+06
1298.85 -2.70856e+06 2.70856e+06
1168.4 -2.44876e+06 2.44876e+06
1037.9 -2.18882e+06 2.18882e+06
908.356 -1.93076e+06 1.93076e+06
779.404 -1.67385e+06 1.67385e+06
650.512 -1.41704e+06 1.41704e+06
521.882 -1.16073e+06 1.16073e+06
393.33 -904550 904550
264.596 -647987 647987
135.822 -391323 391323
7.38719 -135316 135316
-121.193 120998 -120998
-249.665 377112 -377112
-378.274 633516 -633516
-506.858 889884 -889884
-635.388 1.14616e+06 -1.14616e+06
-763.918 1.40244e+06 -1.40244e+06
-892.386 1.65861e+06 -1.65861e+06
-1020.88 1.91484e+06 -1.91484e+06
-1038.75 1.95543e+06 -1.95543e+06
-1043.09 1.96965e+06 -1.96965e+06
-1047.45 1.98388e+06 -1.98388e+06
-1051.79 1.9981e+06 -1.9981e+06
-1056.15 2.01233e+06 -2.01233e+06
-1060.51 2.02657e+06 -2.02657e+06
-1064.86 2.0408e+06 -2.0408e+06
-1069.22 2.05502e+06 -2.05502e+06
-1073.58 2.06926e+06 -2.06926e+06
-1077.94 2.08347e+06 -2.08347e+06
-1082.3 2.0977e+06 -2.0977e+06
-1086.67 2.11193e+06 -2.11193e+06
-1091.03 2.12615e+06 -2.12615e+06
-1095.4 2.14039e+06 -2.14039e+06
-1099.77 2.15461e+06 -2.15461e+06
-1104.14 2.16883e+06 -2.16883e+06
-1108.52 2.18307e+06 -2.18307e+06
-1112.89 2.19729e+06 -2.19729e+06
-1117.27 2.21151e+06 -2.21151e+06
-1121.65 2.22575e+06 -2.22575e+06
-1126.03 2.23996e+06 -2.23996e+06
-1130.42 2.2542e+06 -2.2542e+06
-1134.8 2.26843e+06 -2.26843e+06
-1139.19 2.28265e+06 -2.28265e+06
-1143.58 2.29688e+06 -2.29688e+06
-1147.97 2.3111e+06 -2.3111e+06
-1152.36 2.32533e+06 -2.32533e+06
-1156.76 2.33958e+06 -2.33958e+06
-1161.16 2.3538e+06 -2.3538e+06
-1165.56 2.36804e+06 -2.36804e+06
-1169.96 2.38226e+06 -2.38226e+06
-1174.37 2.39649e+06 -2.39649e+06
-1178.78 2.41072e+06 -2.41072e+06
-1183.19 2.42495e+06 -2.42495e+06
-1187.61 2.4392e+06 -2.4392e+06
-1192.02 2.45342e+06 -2.45342e+06
-1196.44 2.46765e+06 -2.46765e+06
-1200.86 2.48188e+06 -2.48188e+06
-1205.28 2.49611e+06 -2.49611e+06
-1209.71 2.51034e+06 -2.51034e+06
-1214.13 2.52458e+06 -2.52458e+06
-1218.57 2.53883e+06 -2.53883e+06
-1223.01 2.55307e+06 -2.55307e+06
-1223.04 2.55871e+06 -2.55871e+06
-1217.66 2.5504e+06 -2.5504e+06
-1092.65 2.30119e+06 -2.30119e+06
-967.139 2.05096e+06 -2.05096e+06
-842.926 1.80329e+06 -1.80329e+06
-719.027 1.55623e+06 -1.55623e+06
-595.32 1.30952e+06 -1.30952e+06
-471.668 1.0629e+06 -1.0629e+06
-348.075 816371 -816371
-224.449 569759 -569759
-101.003 323485 -323485
22.3211 77438.1 -77438.1
145.777 -168890 168890
269.251 -415269 415269
392.829 -661871 661871
516.384 -908439 908439
639.68 -1.1545e+06 1.1545e+06
763.074 -1.40077e+06 1.40077e+06
886.593 -1.64731e+06 1.64731e+06
980.539 -1.83619e+06 1.83619e+06
984.483 -1.84963e+06 1.84963e+06
988.426 -1.86307e+06 1.86307e+06
992.369 -1.8765e+06 1.8765e+06
996.314 -1.88993e+06 1.88993e+06
1000.26 -1.90337e+06 1.90337e+06
1004.21 -1.9168e+06 1.9168e+06
1008.16 -1.93023e+06 1.93023e+06
1012.11 -1.94366e+06 1.94366e+06
1016.07 -1.95711e+06 1.95711e+06
1020.02 -1.97052e+06 1.97052e+06
1023.98 -1.98398e+06 1.98398e+06
1027.93 -1.99739e+06 1.99739e+06
1031.9 -2.01085e+06 2.01085e+06
1035.86 -2.02428e+06 2.02428e+06
1039.82 -2.03771e+06 2.03771e+06
1043.78 -2.05114e+06 2.05114e+06
1047.75 -2.06458e+06 2.06458e+06
1051.72 -2.07801e+06 2.07801e+06
1055.69 -2.09145e+06 2.09145e+06
1059.66 -2.10486e+06 2.10486e+06
1063.63 -2.11831e+06 2.11831e+06
1067.61 -2.13174e+06 2.13174e+06
1071.58 -2.14517e+06 2.14517e+06
1075.57 -2.15861e+06 2.15861e+06
1079.55 -2.17205e+06 2.17205e+06
1083.53 -2.18547e+06 2.18547e+06
1087.52 -2.19892e+06 2.19892e+06
1091.5 -2.21234e+06 2.21234e+06
1095.49 -2.22579e+06 2.22579e+06
1099.49 -2.23922e+06 2.23922e+06
1103.48 -2.25265e+06 2.25265e+06
1107.48 -2.26609e+06 2.26609e+06
1111.48 -2.27952e+06 2.27952e+06
1115.48 -2.29297e+06 2.29297e+06
1119.48 -2.30641e+06 2.30641e+06
1123.49 -2.31984e+06 2.31984e+06
1127.5 -2.33328e+06 2.33328e+06
1131.51 -2.34672e+06 2.34672e+06
1135.52 -2.36016e+06 2.36016e+06
1139.54 -2.3736e+06 2.3736e+06
1143.56 -2.38705e+06 2.38705e+06
1147.58 -2.40049e+06 2.40049e+06
1141.64 -2.39453e+06 2.39453e+06
1129.05 -2.37559e+06 2.37559e+06
1124.18 -2.36826e+06 2.36826e+06
1004.68 -2.12981e+06 2.12981e+06
884.632 -1.89023e+06 1.89023e+06
765.273 -1.65201e+06 1.65201e+06
646.575 -1.41507e+06 1.41507e+06
527.869 -1.1781e+06 1.1781e+06
409.363 -941503 941503
290.745 -704663 704663
172.428 -468405 468405
53.9041 -231714 231714
-64.5439 4842.14 -4842.14
-182.951 241332 -241332
-301.277 477676 -477676
-419.722 714273 -714273
-538.098 950742 -950742
-656.49 1.18726e+06 -1.18726e+06
-774.824 1.42366e+06 -1.42366e+06
-893.158 1.66008e+06 -1.66008e+06
-916.695 1.71172e+06 -1.71172e+06
-920.159 1.72422e+06 -1.72422e+06
-923.62 1.73671e+06 -1.73671e+06
-927.085 1.74921e+06 -1.74921e+06
-930.552 1.76171e+06 -1.76171e+06
-934.019 1.77421e+06 -1.77421e+06
-937.487 1.7867e+06 -1.7867e+06
-940.956 1.79919e+06 -1.79919e+06
-944.435 1.81171e+06 -1.81171e+06
-947.904 1.8242e+06 -1.8242e+06
-951.377 1.83669e+06 -1.83669e+06
-954.853 1.84918e+06 -1.84918e+06
-958.333 1.86169e+06 -1.86169e+06
-961.812 1.87419e+06 -1.87419e+06
-965.291 1.88668e+06 -1.88668e+06
-968.776 1.89918e+06 -1.89918e+06
-972.258 1.91167e+06 -1.91167e+06
-975.745 1.92417e+06 -1.92417e+06
-979.236 1.93668e+06 -1.93668e+06
-982.721 1.94917e+06 -1.94917e+06
-986.212 1.96167e+06 -1.96167e+06
-989.708 1.97418e+06 -1.97418e+06
-993.198 1.98666e+06 -1.98666e+06
-996.691 1.99914e+06 -1.99914e+06
-1000.19 2.01165e+06 -2.01165e+06
-1003.69 2.02415e+06 -2.02415e+06
-1007.2 2.03666e+06 -2.03666e+06
-1010.7 2.04916e+06 -2.04916e+06
-1014.2 2.06164e+06 -2.06164e+06
-1017.71 2.07416e+06 -2.07416e+06
-1021.22 2.08664e+06 -2.08664e+06
-1024.73 2.09915e+06 -2.09915e+06
-1028.25 2.11165e+06 -2.11165e+06
-1031.76 2.12414e+06 -2.12414e+06
-1035.28 2.13664e+06 -2.13664e+06
-1038.8 2.14915e+06 -2.14915e+06
-1042.32 2.16165e+06 -2.16165e+06
-1045.85 2.17416e+06 -2.17416e+06
-1049.37 2.18665e+06 -2.18665e+06
-1052.9 2.19916e+06 -2.19916e+06
-1056.43 2.21166e+06 -2.21166e+06
-1056.48 2.21737e+06 -2.21737e+06
-1045.44 2.20146e+06 -2.20146e+06
-1034.38 2.18554e+06 -2.18554e+06
-1023.34 2.16964e+06 -2.16964e+06
-1019.03 2.16343e+06 -2.16343e+06
-905.194 1.93603e+06 -1.93603e+06
-789.909 1.70571e+06 -1.70571e+06
-675.656 1.47742e+06 -1.47742e+06
-561.898 1.25011e+06 -1.25011e+06
-448.088 1.02266e+06 -1.02266e+06
-334.641 795922 -795922
-221.131 569036 -569036
-107.699 342289 -342289
5.82051 115347 -115347
119.227 -111383 111383
232.666 -338196 338196
346.068 -564947 564947
459.57 -791914 791914
572.999 -1.01875e+06 1.01875e+06
686.312 -1.24536e+06 1.24536e+06
799.688 -1.4721e+06 1.4721e+06
844.139 -1.5645e+06 1.5645e+06
847.082 -1.57599e+06 1.57599e+06
850.025 -1.58747e+06 1.58747e+06
852.967 -1.59895e+06 1.59895e+06
855.915 -1.61044e+06 1.61044e+06
858.862 -1.62193e+06 1.62193e+06
861.803 -1.63338e+06 1.63338e+06
864.752 -1.64487e+06 1.64487e+06
867.703 -1.65635e+06 1.65635e+06
