0 0 0
0.1 0 0
0.2 0 0
0.3 0 0
0.4 0 0
0.5 0 0
0.6 0 0
0.7 0 0
0.8 0 0
0.9 0 0
1 0 0
0 0 0
0.0712937 0 0
5.72596 0 0
21.2914 0 0
37.0841 0 0
52.5474 0 0
67.9238 0 0
83.5401 0 0
98.7545 0 0
114.401 0 0
129.896 0 0
145.354 0 0
160.863 0 0
176.38 0 0
191.648 0 0
207.263 0 0
222.628 0 0
238.172 0 0
253.591 0 0
269.158 0 0
284.562 0 0
300.123 0 0
315.626 0 0
331.036 0 0
346.456 0 0
361.971 0 0
377.317 0 0
392.852 0 0
408.36 0 0
423.735 0 0
439.117 0 0
452.722 0 0
437.138 0 0
421.48 0 0
405.965 0 0
390.318 0 0
374.763 0 0
359.204 0 0
343.914 0 0
328.316 0 0
312.852 0 0
297.416 0 0
282.059 0 0
266.493 0 0
251.019 0 0
235.542 0 0
220.091 0 0
204.678 0 0
189.091 0 0
173.653 0 0
158.159 0 0
142.631 0 0
127.178 0 0
111.819 0 0
96.4405 0 0
80.866 0 0
65.4489 0 0
49.8165 0 0
34.5433 0 0
18.8782 0 0
3.46414 0 0
-11.9774 0 0
-27.3661 0 0
-42.7612 0 0
-58.4063 0 0
-73.7861 0 0
-89.3638 0 0
-104.831 0 0
-120.271 0 0
-135.829 0 0
-151.156 0 0
-166.58 0 0
-182.234 0 0
-197.499 0 0
-212.998 0 0
-228.438 0 0
-243.99 0 0
-259.492 0 0
-274.991 0 0
-290.468 0 0
-305.887 0 0
-321.299 0 0
-336.965 0 0
-352.351 0 0
-367.821 0 0
-383.098 0 0
-398.782 0 0
-414.054 0 0
-429.677 0 0
-445.148 0 0
-452.817 0 0
-436.399 0 0
-420.566 0 0
-404.934 0 0
-389.433 0 0
-373.858 0 0
-358.4 0 0
-342.959 0 0
-327.612 0 0
-312.028 0 0
-296.614 0 0
-280.902 0 0
-265.624 0 0
-250.105 0 0
-234.72 0 0
-219.14 0 0
-203.613 0 0
-188.328 0 0
-172.832 0 0
-157.307 0 0
-141.685 0 0
-126.3 0 0
-110.897 0 0
-95.2931 0 0
-79.9925 0 0
-64.6251 0 0
-49.0719 0 0
-33.5341 0 0
-18.1958 0 0
-2.47429 0 0
12.9176 0 0
28.4159 0 0
43.7781 0 0
59.4241 0 0
74.7006 0 0
90.2029 0 0
105.782 0 0
121.031 0 0
136.611 0 0
152.147 0 0
167.583 0 0
183.019 0 0
198.516 0 0
213.967 0 0
229.388 0 0
244.836 0 0
260.511 0 0
275.825 0 0
291.278 0 0
306.71 0 0
322.26 0 0
337.631 0 0
353.228 0 0
368.566 0 0
384.114 0 0
399.653 0 0
415.138 0 0
430.588 0 0
445.863 0 0
452.619 0 0
437.245 0 0
421.584 0 0
405.906 0 0
390.343 0 0
374.941 0 0
359.437 0 0
343.986 0 0
328.416 0 0
312.924 0 0
297.601 0 0
282.058 0 0
266.593 0 0
251.195 0 0
235.778 0 0
220.152 0 0
204.746 0 0
189.159 0 0
173.73 0 0
158.423 0 0
142.692 0 0
127.326 0 0
111.859 0 0
96.4807 0 0
80.9038 0 0
65.4868 0 0
49.9668 0 0
34.4428 0 0
18.9623 0 0
3.70963 0 0
-11.9776 0 0
-27.3133 0 0
-42.7947 0 0
-58.2124 0 0
-73.7446 0 0
-89.2977 0 0
-104.697 0 0
-120.081 0 0
-135.616 0 0
-151.144 0 0
-166.615 0 0
-182.1 0 0
-197.57 0 0
-213.163 0 0
-228.384 0 0
-243.879 0 0
-259.494 0 0
-274.8 0 0
-290.38 0 0
-305.86 0 0
-321.287 0 0
-336.754 0 0
-352.024 0 0
-367.956 0 0
-383.263 0 0
-398.497 0 0
-414.047 0 0
-429.418 0 0
-445.174 0 0
-452.748 0 0
-429.258 0 0
-405.61 0 0
-382.237 0 0
-358.931 0 0
-335.858 0 0
-312.519 0 0
-289.187 0 0
-266.016 0 0
-243.035 0 0
-219.734 0 0
-196.41 0 0
-173.19 0 0
-150.026 0 0
-126.768 0 0
-103.774 0 0
-80.3892 0 0
-57.347 0 0
-34.0688 0 0
-10.7411 0 0
12.4386 0 0
35.4732 0 0
58.7506 0 0
81.9959 0 0
105.27 0 0
128.325 0 0
151.595 0 0
174.72 0 0
197.87 0 0
221.154 0 0
244.429 0 0
267.595 0 0
290.786 0 0
313.943 0 0
337.156 0 0
360.442 0 0
383.639 0 0
406.85 0 0
429.97 0 0
453.252 0 0
476.396 0 0
499.703 0 0
522.703 0 0
545.982 0 0
569.214 0 0
592.427 0 0
603.531 0 0
579.667 0 0
556.211 0 0
532.757 0 0
509.445 0 0
486.317 0 0
463.097 0 0
439.848 0 0
416.485 0 0
393.435 0 0
370.09 0 0
347.06 0 0
323.686 0 0
300.403 0 0
277.405 0 0
254.015 0 0
230.81 0 0
207.62 0 0
184.38 0 0
161.214 0 0
138.163 0 0
114.801 0 0
91.5366 0 0
68.2848 0 0
45.3058 0 0
22.1103 0 0
-1.10848 0 0
-24.4195 0 0
-47.4566 0 0
-70.8131 0 0
-93.9902 0 0
-117.225 0 0
-140.359 0 0
-163.656 0 0
-186.744 0 0
-209.949 0 0
-233.3 0 0
-256.263 0 0
-279.557 0 0
-302.766 0 0
-326.118 0 0
-349.043 0 0
-372.744 0 0
-395.654 0 0
-418.876 0 0
-442.075 0 0
-465.185 0 0
-488.463 0 0
-511.68 0 0
-534.705 0 0
-558.166 0 0
-581.197 0 0
-603.715 0 0
-603.715 0 0
-579.766 0 0
-556.197 0 0
-533.049 0 0
-509.401 0 0
-486.176 0 0
-463.162 0 0
-439.752 0 0
-416.68 0 0
-393.425 0 0
-370.152 0 0
-347.003 0 0
-323.825 0 0
-300.429 0 0
-277.29 0 0
-254.151 0 0
-230.916 0 0
-207.744 0 0
-184.539 0 0
-161.35 0 0
-138.205 0 0
-114.988 0 0
-91.6556 0 0
-68.61 0 0
-45.3492 0 0
-22.0397 0 0
1.07716 0 0
24.4396 0 0
47.5354 0 0
70.7384 0 0
93.9249 0 0
117.031 0 0
140.242 0 0
163.409 0 0
186.6 0 0
210.016 0 0
233.078 0 0
256.257 0 0
279.648 0 0
302.659 0 0
325.906 0 0
349.192 0 0
372.475 0 0
395.539 0 0
418.69 0 0
441.942 0 0
465.191 0 0
488.392 0 0
511.648 0 0
534.697 0 0
558.006 0 0
581.121 0 0
603.603 0 0
603.603 0 0
579.725 0 0
556.231 0 0
532.923 0 0
509.566 0 0
486.269 0 0
463.167 0 0
439.96 0 0
416.575 0 0
393.408 0 0
370.248 0 0
347.113 0 0
323.79 0 0
300.647 0 0
277.369 0 0
254.102 0 0
231.105 0 0
207.717 0 0
184.665 0 0
161.306 0 0
138.23 0 0
114.941 0 0
91.7905 0 0
68.5008 0 0
45.3893 0 0
21.9311 0 0
-1.00911 0 0
-24.1299 0 0
-47.383 0 0
-70.577 0 0
-93.8745 0 0
-116.985 0 0
-140.14 0 0
-163.468 0 0
-186.677 0 0
-209.89 0 0
-233.088 0 0
-256.273 0 0
-279.471 0 0
-302.614 0 0
-325.913 0 0
-349.048 0 0
-372.315 0 0
-395.446 0 0
-418.682 0 0
-441.94 0 0
-465.147 0 0
-488.263 0 0
-511.602 0 0
-534.639 0 0
-557.945 0 0
-581.235 0 0
-603.542 0 0
-603.542 0 0
-564.09 0 0
-524.854 0 0
-485.913 0 0
-447.059 0 0
-408.48 0 0
-369.615 0 0
-331.037 0 0
-292.291 0 0
-253.616 0 0
-214.952 0 0
-176.292 0 0
-137.769 0 0
-98.9117 0 0
-60.2532 0 0
-21.5695 0 0
17.1173 0 0
55.7378 0 0
94.3388 0 0
133.146 0 0
171.649 0 0
210.405 0 0
249.036 0 0
287.762 0 0
326.407 0 0
365.04 0 0
403.7 0 0
442.505 0 0
481.039 0 0
519.795 0 0
558.604 0 0
597.226 0 0
635.746 0 0
674.465 0 0
713.208 0 0
751.863 0 0
790.448 0 0
829.208 0 0
867.938 0 0
905.299 0 0
905.299 0 0
865.957 0 0
826.673 0 0
787.753 0 0
748.914 0 0
710.193 0 0
671.747 0 0
632.878 0 0
594.072 0 0
555.507 0 0
516.723 0 0
478.27 0 0
439.433 0 0
400.727 0 0
361.974 0 0
323.383 0 0
284.734 0 0
246.254 0 0
207.304 0 0
168.731 0 0
129.953 0 0
91.1515 0 0
52.6593 0 0
14.0009 0 0
-24.6864 0 0
-63.1796 0 0
-102.008 0 0
-140.72 0 0
-179.468 0 0
-218.003 0 0
-256.762 0 0
-295.467 0 0
-334.104 0 0
-372.826 0 0
-411.463 0 0
-450.1 0 0
-488.777 0 0
-527.378 0 0
-566.113 0 0
-604.805 0 0
-643.337 0 0
-682.193 0 0
-720.813 0 0
-759.535 0 0
-798.216 0 0
-836.99 0 0
-875.64 0 0
-905.551 0 0
-866.297 0 0
-826.75 0 0
-787.84 0 0
-748.96 0 0
-710.287 0 0
-671.559 0 0
-632.733 0 0
-594.197 0 0
-555.378 0 0
-516.862 0 0
-478.208 0 0
-439.575 0 0
-400.716 0 0
-362.053 0 0
-323.432 0 0
-284.796 0 0
-246.145 0 0
-207.465 0 0
-168.718 0 0
-130.059 0 0
-91.3723 0 0
-52.8374 0 0
-14.141 0 0
24.6158 0 0
63.1962 0 0
101.924 0 0
140.555 0 0
179.157 0 0
217.937 0 0
256.623 0 0
295.24 0 0
333.988 0 0
372.515 0 0
411.246 0 0
450.018 0 0
488.778 0 0
527.442 0 0
566.08 0 0
604.72 0 0
643.374 0 0
681.952 0 0
720.823 0 0
759.412 0 0
798.1 0 0
836.767 0 0
875.513 0 0
905.326 0 0
866.145 0 0
826.943 0 0
787.88 0 0
749.051 0 0
710.265 0 0
671.88 0 0
633.099 0 0
594.333 0 0
555.664 0 0
516.969 0 0
478.357 0 0
439.554 0 0
400.889 0 0
362.264 0 0
323.462 0 0
284.914 0 0
246.214 0 0
207.658 0 0
168.729 0 0
130.172 0 0
91.4655 0 0
52.7078 0 0
14.1399 0 0
-24.49 0 0
-63.2377 0 0
-101.787 0 0
-140.59 0 0
-179.292 0 0
-217.885 0 0
-256.602 0 0
-295.198 0 0
-333.978 0 0
-372.61 0 0
-411.279 0 0
-449.99 0 0
-488.513 0 0
-527.314 0 0
-565.968 0 0
-604.651 0 0
-643.325 0 0
-681.952 0 0
-720.621 0 0
-759.233 0 0
-797.915 0 0
-836.748 0 0
-875.315 0 0
-905.506 0 0
-864.814 0 0
-825.379 0 0
-786.392 0 0
-747.541 0 0
-708.881 0 0
-670.098 0 0
-631.407 0 0
-592.871 0 0
-554.162 0 0
-515.504 0 0
-476.801 0 0
-438.1 0 0
-399.44 0 0
-360.699 0 0
-322.109 0 0
-283.336 0 0
-244.726 0 0
-206.099 0 0
-167.388 0 0
-128.618 0 0
-89.9542 0 0
-51.3948 0 0
-12.6855 0 0
25.8618 0 0
64.6144 0 0
103.237 0 0
142.01 0 0
180.691 0 0
219.282 0 0
257.934 0 0
296.677 0 0
335.324 0 0
373.948 0 0
412.627 0 0
451.379 0 0
490.114 0 0
528.752 0 0
567.42 0 0
606.042 0 0
644.748 0 0
683.393 0 0
722.168 0 0
760.68 0 0
799.426 0 0
838.169 0 0
876.716 0 0
905.439 0 0
866.371 0 0
827.026 0 0
788.07 0 0
749.387 0 0
710.598 0 0
672.035 0 0
633.117 0 0
594.569 0 0
555.871 0 0
517.102 0 0
478.357 0 0
439.773 0 0
401.029 0 0
362.395 0 0
323.547 0 0
284.94 0 0
246.327 0 0
207.618 0 0
169.065 0 0
130.437 0 0
91.7993 0 0
52.8973 0 0
14.2283 0 0
-24.4072 0 0
-63.119 0 0
-101.713 0 0
-140.382 0 0
-179.058 0 0
-217.652 0 0
-256.315 0 0
-295.045 0 0
-333.859 0 0
-372.235 0 0
-411.046 0 0
-449.664 0 0
-488.578 0 0
-527.106 0 0
-565.828 0 0
-604.401 0 0
-643.155 0 0
-681.644 0 0
-720.538 0 0
-759.051 0 0
-797.756 0 0
-836.508 0 0
-875.112 0 0
-905.492 0 0
-866.593 0 0
-827.188 0 0
-788.22 0 0
-749.229 0 0
-710.567 0 0
-672.014 0 0
-633.174 0 0
-594.465 0 0
-555.822 0 0
-517.133 0 0
-478.626 0 0
-439.68 0 0
-401.247 0 0
-362.46 0 0
-323.803 0 0
-285.187 0 0
-246.435 0 0
-207.803 0 0
-169.207 0 0
-130.416 0 0
-91.693 0 0
-53.0862 0 0
-14.4713 0 0
24.2105 0 0
62.9959 0 0
101.62 0 0
140.219 0 0
178.862 0 0
217.59 0 0
256.268 0 0
295.01 0 0
333.611 0 0
372.348 0 0
410.974 0 0
449.685 0 0
488.382 0 0
527.087 0 0
565.811 0 0
604.379 0 0
643.049 0 0
681.595 0 0
720.393 0 0
759.011 0 0
797.595 0 0
836.215 0 0
875.058 0 0
905.488 0 0
866.506 0 0
827.271 0 0
788.162 0 0
749.457 0 0
710.631 0 0
672.148 0 0
633.41 0 0
594.644 0 0
555.959 0 0
517.384 0 0
478.563 0 0
439.945 0 0
401.286 0 0
362.564 0 0
323.861 0 0
285.216 0 0
246.417 0 0
207.773 0 0
169.114 0 0
130.644 0 0
91.8746 0 0
53.0871 0 0
14.3575 0 0
-24.2281 0 0
-62.9121 0 0
-101.537 0 0
-140.293 0 0
-178.906 0 0
-217.469 0 0
-256.214 0 0
-294.914 0 0
-333.544 0 0
-372.283 0 0
-410.851 0 0
-449.566 0 0
-488.473 0 0
-527.161 0 0
-565.602 0 0
-604.491 0 0
-643.103 0 0
-681.708 0 0
-720.358 0 0
-758.937 0 0
-797.676 0 0
-836.296 0 0
-874.882 0 0
-905.478 0 0
-843.519 0 0
-780.566 0 0
-718.274 0 0
-656.34 0 0
-594.23 0 0
-532.369 0 0
-470.486 0 0
-408.602 0 0
-346.741 0 0
-284.884 0 0
-222.948 0 0
-161.066 0 0
-99.059 0 0
-37.4024 0 0
24.3929 0 0
86.4746 0 0
148.324 0 0
210.123 0 0
272.036 0 0
333.875 0 0
395.849 0 0
457.623 0 0
519.591 0 0
581.347 0 0
643.199 0 0
705.186 0 0
767.152 0 0
828.836 0 0
890.767 0 0
952.669 0 0
1014.59 0 0
1076.35 0 0
1138.27 0 0
1200.19 0 0
1207.31 0 0
1143.32 0 0
1080.38 0 0
1017.95 0 0
955.985 0 0
894.077 0 0
832.85 0 0
770.062 0 0
708.063 0 0
646.338 0 0
584.454 0 0
522.647 0 0
460.702 0 0
398.786 0 0
336.873 0 0
275.106 0 0
213.178 0 0
151.168 0 0
89.3028 0 0
27.5874 0 0
-34.4881 0 0
-96.3423 0 0
-158.067 0 0
-219.793 0 0
-281.872 0 0
-343.77 0 0
-405.645 0 0
-467.351 0 0
-529.363 0 0
-591.22 0 0
-653.105 0 0
-714.984 0 0
-776.772 0 0
-838.621 0 0
-900.706 0 0
-962.437 0 0
-1024.36 0 0
-1086.35 0 0
-1148.26 0 0
-1207.47 0 0
-1207.47 0 0
-1143.34 0 0
-1080.5 0 0
-1018.08 0 0
-955.933 0 0
-894.017 0 0
-832.074 0 0
-770.234 0 0
-708.265 0 0
-646.338 0 0
-584.499 0 0
-522.684 0 0
-460.695 0 0
-398.919 0 0
-337.159 0 0
-275.066 0 0
-213.238 0 0
-151.425 0 0
-89.526 0 0
-27.668 0 0
34.2279 0 0
96.1194 0 0
158.033 0 0
219.809 0 0
281.754 0 0
343.515 0 0
405.439 0 0
467.358 0 0
529.199 0 0
591.103 0 0
652.924 0 0
714.764 0 0
776.701 0 0
838.66 0 0
900.505 0 0
962.391 0 0
1024.26 0 0
1086.11 0 0
1147.91 0 0
1207.5 0 0
1207.5 0 0
1143.59 0 0
1080.5 0 0
1018.29 0 0
956.103 0 0
894.323 0 0
832.445 0 0
770.818 0 0
708.166 0 0
646.403 0 0
584.578 0 0
522.721 0 0
460.882 0 0
399.066 0 0
337.166 0 0
275.205 0 0
213.436 0 0
151.49 0 0
89.6152 0 0
27.7926 0 0
-34.0857 0 0
-95.795 0 0
-157.805 0 0
-219.866 0 0
-281.678 0 0
-343.528 0 0
-405.376 0 0
-467.293 0 0
-529.131 0 0
-590.973 0 0
-652.872 0 0
-714.786 0 0
-776.581 0 0
-838.523 0 0
-900.371 0 0
-962.322 0 0
-1024.02 0 0
-1085.98 0 0
-1147.94 0 0
-1207.45 0 0
-1207.45 0 0
-1143.81 0 0
-1080.67 0 0
-1018.27 0 0
-956.181 0 0
-894.265 0 0
-832.352 0 0
-770.351 0 0
-708.552 0 0
-646.662 0 0
-584.813 0 0
-522.825 0 0
-460.957 0 0
-399.084 0 0
-337.222 0 0
-275.305 0 0
-213.457 0 0
-151.606 0 0
-89.7832 0 0
-27.7781 0 0
33.9982 0 0
95.8234 0 0
157.732 0 0
219.51 0 0
281.454 0 0
343.431 0 0
405.162 0 0
467.087 0 0
528.908 0 0
590.845 0 0
652.899 0 0
714.709 0 0
776.489 0 0
838.343 0 0
900.3 0 0
962.138 0 0
1023.94 0 0
1085.87 0 0
1147.81 0 0
1207.29 0 0
1207.29 0 0
1143.72 0 0
1080.76 0 0
1018.46 0 0
956.263 0 0
894.421 0 0
832.896 0 0
771.431 0 0
708.358 0 0
646.677 0 0
585.077 0 0
522.973 0 0
461.143 0 0
399.305 0 0
337.471 0 0
275.603 0 0
213.608 0 0
151.707 0 0
89.872 0 0
27.9271 0 0
-33.9014 0 0
-95.7556 0 0
-157.643 0 0
-219.534 0 0
-281.386 0 0
-343.417 0 0
-405.163 0 0
-467.082 0 0
-528.835 0 0
-590.726 0 0
-652.63 0 0
-714.508 0 0
-776.436 0 0
-838.237 0 0
-900.137 0 0
-962.19 0 0
-1023.77 0 0
-1085.7 0 0
-1147.57 0 0
-1207.53 0 0
-1207.53 0 0
-1143.93 0 0
-1080.9 0 0
-1018.57 0 0
-956.356 0 0
-894.457 0 0
-832.625 0 0
-770.721 0 0
-708.866 0 0
-646.922 0 0
-585.027 0 0
-523.172 0 0
-461.214 0 0
-399.364 0 0
-337.544 0 0
-275.646 0 0
-213.868 0 0
-151.985 0 0
-90.1117 0 0
-28.2313 0 0
33.6672 0 0
95.6667 0 0
157.494 0 0
219.402 0 0
281.231 0 0
343.163 0 0
405.008 0 0
466.912 0 0
528.866 0 0
590.485 0 0
652.573 0 0
714.379 0 0
776.194 0 0
838.063 0 0
899.85 0 0
961.887 0 0
1023.77 0 0
1085.65 0 0
1147.5 0 0
1207.37 0 0
1207.37 0 0
1144.02 0 0
1080.96 0 0
1018.62 0 0
956.699 0 0
894.687 0 0
832.882 0 0
771.603 0 0
708.655 0 0
646.874 0 0
585.222 0 0
523.253 0 0
461.442 0 0
399.536 0 0
337.803 0 0
275.82 0 0
213.95 0 0
151.866 0 0
90.1094 0 0
28.208 0 0
-33.6042 0 0
-95.4992 0 0
-157.332 0 0
-219.25 0 0
-281.088 0 0
-343.207 0 0
-404.885 0 0
-466.779 0 0
-528.538 0 0
-590.428 0 0
-652.393 0 0
-714.163 0 0
-776.058 0 0
-838.081 0 0
-899.879 0 0
-961.706 0 0
-1023.54 0 0
-1085.57 0 0
-1147.61 0 0
-1207.42 0 0
-1207.42 0 0
-1112.3 0 0
-1018.38 0 0
-925.125 0 0
-831.797 0 0
-738.834 0 0
-646.131 0 0
-553.183 0 0
-460.373 0 0
-367.572 0 0
-274.805 0 0
-182.047 0 0
-89.1308 0 0
3.75087 0 0
96.4291 0 0
189.306 0 0
282.23 0 0
374.832 0 0
467.885 0 0
560.358 0 0
653.435 0 0
746.183 0 0
838.945 0 0
931.67 0 0
1024.63 0 0
1117.45 0 0
1210.32 0 0
1302.94 0 0
1395.78 0 0
1419.62 0 0
1425 0 0
1430.37 0 0
1435.76 0 0
1438.3 0 0
1345.91 0 0
1251.75 0 0
1158.39 0 0
1065.64 0 0
973.396 0 0
879.876 0 0
787.301 0 0
694.699 0 0
602.126 0 0
509.547 0 0
417.12 0 0
324.309 0 0
231.685 0 0
139.168 0 0
46.6844 0 0
-46.1642 0 0
-138.769 0 0
-231.162 0 0
-323.84 0 0
-416.388 0 0
-508.998 0 0
-601.64 0 0
-694.254 0 0
-786.985 0 0
-879.484 0 0
-972.108 0 0
-1064.61 0 0
-1157.28 0 0
-1249.93 0 0
-1342.6 0 0
-1389.42 0 0
-1394.78 0 0
-1400.14 0 0
-1405.49 0 0
-1410.85 0 0
-1416.21 0 0
-1421.56 0 0
-1426.93 0 0
-1432.25 0 0
-1432.25 0 0
-1340.25 0 0
-1246.43 0 0
-1153.57 0 0
-1061.01 0 0
-968.779 0 0
-876.531 0 0
-784.263 0 0
-692.087 0 0
-599.912 0 0
-507.675 0 0
-415.44 0 0
-323.499 0 0
-231.222 0 0
-139.057 0 0
-46.8774 0 0
45.381 0 0
137.687 0 0
229.742 0 0
321.805 0 0
414.077 0 0
506.113 0 0
598.472 0 0
690.567 0 0
782.832 0 0
875.104 0 0
967.12 0 0
1059.34 0 0
1151.66 0 0
1243.9 0 0
1335.94 0 0
1383.52 0 0
1388.85 0 0
1394.19 0 0
1399.51 0 0
1404.85 0 0
1410.18 0 0
1415.52 0 0
1420.86 0 0
1426.16 0 0
1426.16 0 0
1335.01 0 0
1241.63 0 0
1149.21 0 0
1057.16 0 0
965.645 0 0
873.175 0 0
781.309 0 0
689.655 0 0
597.984 0 0
506.153 0 0
414.494 0 0
322.705 0 0
230.884 0 0
139.172 0 0
47.4892 0 0
-44.4774 0 0
-136.22 0 0
-228.01 0 0
-319.744 0 0
-411.443 0 0
-503.126 0 0
-594.838 0 0
-686.648 0 0
-778.417 0 0
-870.263 0 0
-961.804 0 0
-1053.73 0 0
-1145.49 0 0
-1237.37 0 0
-1329.12 0 0
-1377.57 0 0
-1382.87 0 0
-1388.18 0 0
-1393.5 0 0
-1398.82 0 0
-1404.11 0 0
-1409.42 0 0
-1414.74 0 0
-1420.03 0 0
-1420.03 0 0
-1306.77 0 0
-1190.82 0 0
-1075.86 0 0
-961.441 0 0
-847.119 0 0
-732.858 0 0
-618.542 0 0
-504.426 0 0
-390.137 0 0
-276.096 0 0
-161.759 0 0
-47.6243 0 0
66.4507 0 0
180.557 0 0
294.763 0 0
408.976 0 0
523.233 0 0
637.345 0 0
751.484 0 0
865.573 0 0
979.892 0 0
1094.04 0 0
1208.22 0 0
1322.3 0 0
1372.9 0 0
1379.51 0 0
1386.12 0 0
1392.73 0 0
1399.33 0 0
1405.95 0 0
1412.55 0 0
1419.16 0 0
1425.77 0 0
1432.38 0 0
1438.99 0 0
1445.59 0 0
1448.24 0 0
1331.44 0 0
1216.41 0 0
1102.28 0 0
988.676 0 0
875.534 0 0
762.025 0 0
648.721 0 0
535.562 0 0
422.488 0 0
309.02 0 0
195.893 0 0
82.5463 0 0
-30.6981 0 0
-143.869 0 0
-257.066 0 0
-370.243 0 0
-483.402 0 0
-596.731 0 0
-709.791 0 0
-823.074 0 0
-936.325 0 0
-1049.58 0 0
-1162.85 0 0
-1276.17 0 0
-1323.45 0 0
-1329.98 0 0
-1336.51 0 0
-1343.04 0 0
-1349.57 0 0
-1356.1 0 0
-1362.62 0 0
-1369.16 0 0
-1375.69 0 0
-1382.21 0 0
-1388.75 0 0
-1395.27 0 0
-1401.8 0 0
-1408.33 0 0
-1414.86 0 0
-1421.39 0 0
-1427.93 0 0
-1431.59 0 0
-1316.46 0 0
-1202.76 0 0
-1090.13 0 0
-977.99 0 0
-865.907 0 0
-753.997 0 0
-642.27 0 0
-530.23 0 0
-418.339 0 0
-306.431 0 0
-194.602 0 0
-82.8995 0 0
29.0595 0 0
141 0 0
252.784 0 0
364.715 0 0
476.58 0 0
588.372 0 0
700.315 0 0
812.251 0 0
924.089 0 0
1036.04 0 0
1147.88 0 0
1259.73 0 0
1307.98 0 0
1314.42 0 0
1320.89 0 0
1327.33 0 0
1333.78 0 0
1340.23 0 0
1346.68 0 0
1353.13 0 0
1359.58 0 0
1366.03 0 0
1372.48 0 0
1378.93 0 0
1385.38 0 0
1391.84 0 0
1398.29 0 0
1404.73 0 0
1411.19 0 0
1414.82 0 0
1301.18 0 0
1189.15 0 0
1077.82 0 0
966.939 0 0
856.35 0 0
745.707 0 0
635.15 0 0
524.598 0 0
414.302 0 0
303.481 0 0
193.022 0 0
82.5827 0 0
-28.0338 0 0
-138.5 0 0
-248.937 0 0
-359.42 0 0
-469.923 0 0
-580.579 0 0
-690.817 0 0
-801.441 0 0
-912.004 0 0
-1022.4 0 0
-1132.99 0 0
-1243.58 0 0
-1291.99 0 0
-1298.36 0 0
-1304.74 0 0
-1311.1 0 0
-1317.47 0 0
-1323.84 0 0
-1330.21 0 0
-1336.58 0 0
-1342.95 0 0
-1349.31 0 0
-1355.69 0 0
-1362.05 0 0
-1368.42 0 0
-1374.79 0 0
-1381.16 0 0
-1387.52 0 0
-1393.89 0 0
-1397.5 0 0
-1248.28 0 0
-1100.91 0 0
-954.448 0 0
-808.578 0 0
-662.975 0 0
-517.355 0 0
-371.833 0 0
-226.299 0 0
-80.8834 0 0
64.8167 0 0
210.326 0 0
355.731 0 0
501.274 0 0
646.843 0 0
792.32 0 0
937.84 0 0
1083.34 0 0
1228.91 0 0
1278.01 0 0
1286.4 0 0
1294.78 0 0
1303.16 0 0
1311.54 0 0
1319.93 0 0
1328.31 0 0
1336.68 0 0
1345.07 0 0
1353.46 0 0
1361.85 0 0
1370.21 0 0
1378.61 0 0
1386.98 0 0
1395.36 0 0
1403.75 0 0
1412.13 0 0
1420.52 0 0
1428.89 0 0
1437.27 0 0
1445.4 0 0
1445.4 0 0
1299.77 0 0
1155.23 0 0
1011.76 0 0
869.026 0 0
726.202 0 0
583.727 0 0
441.363 0 0
298.887 0 0
156.312 0 0
13.9012 0 0
-128.617 0 0
-270.914 0 0
-413.419 0 0
-555.728 0 0
-698.236 0 0
-840.796 0 0
-983.184 0 0
-1125.71 0 0
-1175 0 0
-1183.12 0 0
-1191.23 0 0
-1199.35 0 0
-1207.46 0 0
-1215.57 0 0
-1223.68 0 0
-1231.79 0 0
-1239.91 0 0
-1248.03 0 0
-1256.14 0 0
-1264.26 0 0
-1272.37 0 0
-1280.48 0 0
-1288.6 0 0
-1296.69 0 0
-1304.82 0 0
-1312.93 0 0
-1321.04 0 0
-1329.15 0 0
-1337.27 0 0
-1345.38 0 0
-1353.49 0 0
-1361.61 0 0
-1369.71 0 0
-1377.84 0 0
-1385.95 0 0
-1394.06 0 0
-1400.33 0 0
-1258.94 0 0
-1118.71 0 0
-979.674 0 0
-840.988 0 0
-702.381 0 0
-564.157 0 0
-425.828 0 0
-287.441 0 0
-149.293 0 0
-10.8887 0 0
127.203 0 0
265.661 0 0
403.937 0 0
542.16 0 0
680.331 0 0
818.704 0 0
956.869 0 0
1095.31 0 0
1136.49 0 0
1144.32 0 0
1152.17 0 0
1160 0 0
1167.84 0 0
1175.68 0 0
1183.53 0 0
1191.36 0 0
1199.2 0 0
1207.05 0 0
1214.87 0 0
1222.71 0 0
1230.55 0 0
1238.4 0 0
1246.24 0 0
1254.07 0 0
1261.91 0 0
1269.75 0 0
1277.59 0 0
1285.43 0 0
1293.26 0 0
1301.11 0 0
1308.94 0 0
1316.77 0 0
1324.61 0 0
1332.46 0 0
1340.29 0 0
1348.13 0 0
1354.19 0 0
1217.69 0 0
1081.63 0 0
946.63 0 0
812.281 0 0
677.92 0 0
543.753 0 0
409.606 0 0
275.511 0 0
141.473 0 0
7.37246 0 0
-126.699 0 0
-260.843 0 0
-394.837 0 0
-528.932 0 0
-663.075 0 0
-797.195 0 0
-931.232 0 0
-1065.49 0 0
-1094.26 0 0
-1101.78 0 0
-1109.33 0 0
-1116.86 0 0
-1124.4 0 0
-1131.93 0 0
-1139.48 0 0
-1147.01 0 0
-1154.55 0 0
-1162.09 0 0
-1169.63 0 0
-1177.16 0 0
-1184.7 0 0
-1192.24 0 0
-1199.78 0 0
-1207.32 0 0
-1214.86 0 0
-1222.4 0 0
-1229.93 0 0
-1237.47 0 0
-1245 0 0
-1252.55 0 0
-1260.08 0 0
-1267.62 0 0
-1275.15 0 0
-1282.7 0 0
-1290.23 0 0
-1297.77 0 0
-1303.62 0 0
-1171.6 0 0
-1039.83 0 0
-909.051 0 0
-778.796 0 0
-648.785 0 0
-518.66 0 0
-388.854 0 0
-259.08 0 0
-129.114 0 0
0.909267 0 0
130.632 0 0
260.535 0 0
390.539 0 0
520.486 0 0
650.322 0 0
780.306 0 0
910.173 0 0
1040.02 0 0
1050.37 0 0
1057.61 0 0
1064.82 0 0
1072.05 0 0
1079.28 0 0
1086.51 0 0
1093.73 0 0
1100.95 0 0
1108.19 0 0
1115.42 0 0
1122.64 0 0
1129.86 0 0
1137.09 0 0
1144.31 0 0
1151.55 0 0
1158.77 0 0
1165.99 0 0
1173.23 0 0
1180.44 0 0
1187.68 0 0
1194.9 0 0
1202.13 0 0
1209.35 0 0
1216.58 0 0
1223.81 0 0
1231.03 0 0
1238.27 0 0
1245.48 0 0
1252.71 0 0
1259.93 0 0
1267.17 0 0
1274.39 0 0
1281.62 0 0
1288.85 0 0
1296.07 0 0
1299.06 0 0
1292.77 0 0
1166.79 0 0
1040.74 0 0
915.591 0 0
790.999 0 0
666.447 0 0
542.133 0 0
417.877 0 0
293.432 0 0
168.932 0 0
44.7482 0 0
-79.5892 0 0
-203.834 0 0
-328.222 0 0
-452.597 0 0
-576.928 0 0
-701.269 0 0
-825.558 0 0
-908.192 0 0
-914.826 0 0
-921.455 0 0
-928.092 0 0
-934.72 0 0
-941.353 0 0
-947.993 0 0
-954.631 0 0
-961.26 0 0
-967.898 0 0
-974.526 0 0
-981.161 0 0
-987.797 0 0
-994.425 0 0
-1001.07 0 0
-1007.7 0 0
-1014.33 0 0
-1020.97 0 0
-1027.6 0 0
-1034.23 0 0
-1040.87 0 0
-1047.49 0 0
-1054.13 0 0
-1060.77 0 0
-1067.4 0 0
-1074.03 0 0
-1080.66 0 0
-1087.3 0 0
-1093.94 0 0
-1100.57 0 0
-1107.21 0 0
-1113.84 0 0
-1120.47 0 0
-1127.1 0 0
-1133.74 0 0
-1140.38 0 0
-1147.01 0 0
-1153.64 0 0
-1160.27 0 0
-1166.9 0 0
-1173.54 0 0
-1180.17 0 0
-1180.09 0 0
-1171.19 0 0
-1162.31 0 0
-1158.88 0 0
-1039.76 0 0
-920.152 0 0
-801.759 0 0
-683.648 0 0
-565.704 0 0
-447.796 0 0
-329.93 0 0
-212.018 0 0
-94.2643 0 0
23.3857 0 0
141.174 0 0
258.99 0 0
376.916 0 0
494.829 0 0
612.504 0 0
730.282 0 0
813.598 0 0
819.564 0 0
825.537 0 0
831.506 0 0
837.473 0 0
843.442 0 0
849.412 0 0
855.381 0 0
861.35 0 0
867.317 0 0
873.29 0 0
879.252 0 0
885.23 0 0
891.192 0 0
897.173 0 0
903.14 0 0
909.106 0 0
915.076 0 0
921.044 0 0
927.014 0 0
932.984 0 0
938.947 0 0
944.92 0 0
950.888 0 0
956.855 0 0
962.827 0 0
968.797 0 0
974.761 0 0
980.738 0 0
986.701 0 0
992.672 0 0
998.639 0 0
1004.61 0 0
1010.58 0 0
1016.55 0 0
1022.52 0 0
1028.49 0 0
1034.45 0 0
1040.42 0 0
1046.39 0 0
1052.36 0 0
1048.81 0 0
1042.07 0 0
1035.33 0 0
1028.58 0 0
1021.85 0 0
1019.24 0 0
906.853 0 0
793.928 0 0
681.632 0 0
569.942 0 0
458.23 0 0
346.69 0 0
235.031 0 0
123.642 0 0
12.0448 0 0
-99.4923 0 0
-211.002 0 0
-322.446 0 0
-434.012 0 0
-545.522 0 0
-657.056 0 0
-696.94 0 0
-702.071 0 0
-707.204 0 0
-712.34 0 0
-717.468 0 0
-722.601 0 0
-727.734 0 0
-732.866 0 0
-737.997 0 0
-743.127 0 0
-748.269 0 0
-753.395 0 0
-758.526 0 0
-763.658 0 0
-768.793 0 0
-773.926 0 0
-779.056 0 0
-784.191 0 0
-789.321 0 0
-794.456 0 0
-799.593 0 0
-804.719 0 0
-809.853 0 0
-814.99 0 0
-820.116 0 0
-825.243 0 0
-830.379 0 0
-835.511 0 0
-840.652 0 0
-845.781 0 0
-850.907 0 0
-856.046 0 0
-861.173 0 0
-866.307 0 0
-871.441 0 0
-876.57 0 0
-881.701 0 0
-886.836 0 0
-891.97 0 0
-889.81 0 0
-885.736 0 0
-881.656 0 0
-877.582 0 0
-873.501 0 0
-869.425 0 0
-865.345 0 0
-861.27 0 0
-859.679 0 0
-753.718 0 0
-646.389 0 0
-540.006 0 0
-434.069 0 0
-328.068 0 0
-222.39 0 0
-116.642 0 0
-10.9533 0 0
94.8292 0 0
200.517 0 0
306.246 0 0
411.951 0 0
517.758 0 0
550.528 0 0
554.621 0 0
558.717 0 0
562.811 0 0
566.909 0 0
571.006 0 0
575.101 0 0
579.201 0 0
583.299 0 0
587.386 0 0
591.483 0 0
595.581 0 0
