0 0 0
0.1 0 0
0.2 0 0
0.3 0 0
0.4 0 0
0.5 0 0
0.6 0 0
0.7 0 0
0.8 0 0
0.9 0 0
1 0 0
0 0 0
0.0712937 -3.42297e-07 3.42297e-07
5.72596 -2.74916e-05 2.74916e-05
21.2914 -0.000102225 0.000102225
37.0841 -0.000178049 0.000178049
52.5474 -0.000252291 0.000252291
67.9238 -0.000326117 0.000326117
83.5401 -0.000401094 0.000401094
98.7545 -0.000474142 0.000474142
114.401 -0.000549266 0.000549266
129.896 -0.000623658 0.000623658
145.354 -0.000697876 0.000697876
160.863 -0.00077234 0.00077234
176.38 -0.000846839 0.000846839
191.648 -0.000920144 0.000920144
207.263 -0.000995116 0.000995116
222.628 -0.00106888 0.00106888
238.172 -0.00114352 0.00114352
253.591 -0.00121755 0.00121755
269.158 -0.00129229 0.00129229
284.562 -0.00136624 0.00136624
300.123 -0.00144096 0.00144096
315.626 -0.00151539 0.00151539
331.036 -0.00158937 0.00158937
346.456 -0.00166341 0.00166341
361.971 -0.0017379 0.0017379
377.317 -0.00181158 0.00181158
392.852 -0.00188617 0.00188617
408.36 -0.00196063 0.00196063
423.735 -0.00203444 0.00203444
439.117 -0.0021083 0.0021083
452.722 -0.00217362 0.00217362
437.138 -0.00209879 0.00209879
421.48 -0.00202362 0.00202362
405.965 -0.00194912 0.00194912
390.318 -0.001874 0.001874
374.763 -0.00179932 0.00179932
359.204 -0.00172462 0.00172462
343.914 -0.00165121 0.00165121
328.316 -0.00157632 0.00157632
312.852 -0.00150207 0.00150207
297.416 -0.00142796 0.00142796
282.059 -0.00135422 0.00135422
266.493 -0.00127949 0.00127949
251.019 -0.0012052 0.0012052
235.542 -0.00113089 0.00113089
220.091 -0.0010567 0.0010567
204.678 -0.000982704 0.000982704
189.091 -0.000907868 0.000907868
173.653 -0.000833746 0.000833746
158.159 -0.000759357 0.000759357
142.631 -0.000684803 0.000684803
127.178 -0.00061061 0.00061061
111.819 -0.000536868 0.000536868
96.4405 -0.000463032 0.000463032
80.866 -0.000388255 0.000388255
65.4489 -0.000314234 0.000314234
49.8165 -0.00023918 0.00023918
34.5433 -0.00016585 0.00016585
18.8782 -9.06383e-05 9.06383e-05
3.46414 -1.66321e-05 1.66321e-05
-11.9774 5.75059e-05 -5.75059e-05
-27.3661 0.000131391 -0.000131391
-42.7612 0.000205306 -0.000205306
-58.4063 0.000280421 -0.000280421
-73.7861 0.000354263 -0.000354263
-89.3638 0.000429055 -0.000429055
-104.831 0.000503317 -0.000503317
-120.271 0.000577447 -0.000577447
-135.829 0.000652145 -0.000652145
-151.156 0.000725735 -0.000725735
-166.58 0.000799786 -0.000799786
-182.234 0.000874946 -0.000874946
-197.499 0.000948237 -0.000948237
-212.998 0.00102265 -0.00102265
-228.438 0.00109678 -0.00109678
-243.99 0.00117145 -0.00117145
-259.492 0.00124588 -0.00124588
-274.991 0.00132029 -0.00132029
-290.468 0.0013946 -0.0013946
-305.887 0.00146863 -0.00146863
-321.299 0.00154263 -0.00154263
-336.965 0.00161784 -0.00161784
-352.351 0.00169171 -0.00169171
-367.821 0.00176599 -0.00176599
-383.098 0.00183934 -0.00183934
-398.782 0.00191464 -0.00191464
-414.054 0.00198796 -0.00198796
-429.677 0.00206297 -0.00206297
-445.148 0.00213725 -0.00213725
-452.817 0.00217407 -0.00217407
-436.399 0.00209525 -0.00209525
-420.566 0.00201923 -0.00201923
-404.934 0.00194418 -0.00194418
-389.433 0.00186975 -0.00186975
-373.858 0.00179497 -0.00179497
-358.4 0.00172076 -0.00172076
-342.959 0.00164662 -0.00164662
-327.612 0.00157293 -0.00157293
-312.028 0.00149811 -0.00149811
-296.614 0.00142411 -0.00142411
-280.902 0.00134867 -0.00134867
-265.624 0.00127532 -0.00127532
-250.105 0.00120081 -0.00120081
-234.72 0.00112694 -0.00112694
-219.14 0.00105214 -0.00105214
-203.613 0.00097759 -0.00097759
-188.328 0.000904205 -0.000904205
-172.832 0.000829805 -0.000829805
-157.307 0.000755263 -0.000755263
-141.685 0.000680262 -0.000680262
-126.3 0.000606393 -0.000606393
-110.897 0.00053244 -0.00053244
-95.2931 0.000457523 -0.000457523
-79.9925 0.000384062 -0.000384062
-64.6251 0.000310279 -0.000310279
-49.0719 0.000235605 -0.000235605
-33.5341 0.000161004 -0.000161004
-18.1958 8.73619e-05 -8.73619e-05
-2.47429 1.18796e-05 -1.18796e-05
12.9176 -6.20202e-05 6.20202e-05
28.4159 -0.000136431 0.000136431
43.7781 -0.000210188 0.000210188
59.4241 -0.000285308 0.000285308
74.7006 -0.000358654 0.000358654
90.2029 -0.000433083 0.000433083
105.782 -0.000507882 0.000507882
121.031 -0.000581094 0.000581094
136.611 -0.000655898 0.000655898
152.147 -0.000730491 0.000730491
167.583 -0.000804603 0.000804603
183.019 -0.000878715 0.000878715
198.516 -0.000953118 0.000953118
213.967 -0.0010273 0.0010273
229.388 -0.00110134 0.00110134
244.836 -0.00117551 0.00117551
260.511 -0.00125077 0.00125077
275.825 -0.0013243 0.0013243
291.278 -0.00139849 0.00139849
306.71 -0.00147258 0.00147258
322.26 -0.00154724 0.00154724
337.631 -0.00162104 0.00162104
353.228 -0.00169592 0.00169592
368.566 -0.00176956 0.00176956
384.114 -0.00184421 0.00184421
399.653 -0.00191882 0.00191882
415.138 -0.00199317 0.00199317
430.588 -0.00206735 0.00206735
445.863 -0.00214069 0.00214069
452.619 -0.00217312 0.00217312
437.245 -0.00209931 0.00209931
421.584 -0.00202412 0.00202412
405.906 -0.00194884 0.00194884
390.343 -0.00187412 0.00187412
374.941 -0.00180017 0.00180017
359.437 -0.00172574 0.00172574
343.986 -0.00165155 0.00165155
328.416 -0.0015768 0.0015768
312.924 -0.00150241 0.00150241
297.601 -0.00142884 0.00142884
282.058 -0.00135422 0.00135422
266.593 -0.00127997 0.00127997
251.195 -0.00120604 0.00120604
235.778 -0.00113202 0.00113202
220.152 -0.001057 0.001057
204.746 -0.00098303 0.00098303
189.159 -0.000908195 0.000908195
173.73 -0.000834116 0.000834116
158.423 -0.000760623 0.000760623
142.692 -0.000685095 0.000685095
127.326 -0.00061132 0.00061132
111.859 -0.000537058 0.000537058
96.4807 -0.000463225 0.000463225
80.9038 -0.000388437 0.000388437
65.4868 -0.000314416 0.000314416
49.9668 -0.000239901 0.000239901
34.4428 -0.000165367 0.000165367
18.9623 -9.10419e-05 9.10419e-05
3.70963 -1.78108e-05 1.78108e-05
-11.9776 5.75069e-05 -5.75069e-05
-27.3133 0.000131137 -0.000131137
-42.7947 0.000205466 -0.000205466
-58.2124 0.00027949 -0.00027949
-73.7446 0.000354064 -0.000354064
-89.2977 0.000428737 -0.000428737
-104.697 0.000502671 -0.000502671
-120.081 0.000576533 -0.000576533
-135.616 0.00065112 -0.00065112
-151.144 0.000725676 -0.000725676
-166.615 0.000799953 -0.000799953
-182.1 0.000874303 -0.000874303
-197.57 0.000948575 -0.000948575
-213.163 0.00102344 -0.00102344
-228.384 0.00109652 -0.00109652
-243.879 0.00117092 -0.00117092
-259.494 0.00124589 -0.00124589
-274.8 0.00131937 -0.00131937
-290.38 0.00139418 -0.00139418
-305.86 0.0014685 -0.0014685
-321.287 0.00154257 -0.00154257
-336.754 0.00161683 -0.00161683
-352.024 0.00169014 -0.00169014
-367.956 0.00176664 -0.00176664
-383.263 0.00184013 -0.00184013
-398.497 0.00191327 -0.00191327
-414.047 0.00198793 -0.00198793
-429.418 0.00206173 -0.00206173
-445.174 0.00213737 -0.00213737
-452.748 0.00217374 -0.00217374
-429.258 0.00206096 -0.00206096
-405.61 0.00194742 -0.00194742
-382.237 0.0018352 -0.0018352
-358.931 0.0017233 -0.0017233
-335.858 0.00161253 -0.00161253
-312.519 0.00150047 -0.00150047
-289.187 0.00138845 -0.00138845
-266.016 0.0012772 -0.0012772
-243.035 0.00116686 -0.00116686
-219.734 0.00105499 -0.00105499
-196.41 0.000943009 -0.000943009
-173.19 0.000831524 -0.000831524
-150.026 0.000720307 -0.000720307
-126.768 0.000608643 -0.000608643
-103.774 0.00049824 -0.00049824
-80.3892 0.000385966 -0.000385966
-57.347 0.000275335 -0.000275335
-34.0688 0.000163572 -0.000163572
-10.7411 5.15703e-05 -5.15703e-05
12.4386 -5.97204e-05 5.97204e-05
35.4732 -0.000170315 0.000170315
58.7506 -0.000282074 0.000282074
81.9959 -0.00039368 0.00039368
105.27 -0.000505425 0.000505425
128.325 -0.000616114 0.000616114
151.595 -0.00072784 0.00072784
174.72 -0.000838868 0.000838868
197.87 -0.000950017 0.000950017
221.154 -0.00106181 0.00106181
244.429 -0.00117356 0.00117356
267.595 -0.00128478 0.00128478
290.786 -0.00139613 0.00139613
313.943 -0.00150731 0.00150731
337.156 -0.00161876 0.00161876
360.442 -0.00173056 0.00173056
383.639 -0.00184193 0.00184193
406.85 -0.00195338 0.00195338
429.97 -0.00206438 0.00206438
453.252 -0.00217616 0.00217616
476.396 -0.00228728 0.00228728
499.703 -0.00239918 0.00239918
522.703 -0.00250961 0.00250961
545.982 -0.00262138 0.00262138
569.214 -0.00273292 0.00273292
592.427 -0.00284437 0.00284437
603.531 -0.00289768 0.00289768
579.667 -0.00278311 0.00278311
556.211 -0.00267049 0.00267049
532.757 -0.00255788 0.00255788
509.445 -0.00244595 0.00244595
486.317 -0.00233491 0.00233491
463.097 -0.00222343 0.00222343
439.848 -0.00211181 0.00211181
416.485 -0.00199963 0.00199963
393.435 -0.00188897 0.00188897
370.09 -0.00177688 0.00177688
347.06 -0.00166631 0.00166631
323.686 -0.00155408 0.00155408
300.403 -0.0014423 0.0014423
277.405 -0.00133188 0.00133188
254.015 -0.00121958 0.00121958
230.81 -0.00110817 0.00110817
207.62 -0.000996828 0.000996828
184.38 -0.000885248 0.000885248
161.214 -0.000774023 0.000774023
138.163 -0.000663352 0.000663352
114.801 -0.000551183 0.000551183
91.5366 -0.000439487 0.000439487
68.2848 -0.00032785 0.00032785
45.3058 -0.000217523 0.000217523
22.1103 -0.000106156 0.000106156
-1.10848 5.32207e-06 -5.32207e-06
-24.4195 0.000117243 -0.000117243
-47.4566 0.00022785 -0.00022785
-70.8131 0.000339989 -0.000339989
-93.9902 0.000451267 -0.000451267
-117.225 0.000562824 -0.000562824
-140.359 0.000673895 -0.000673895
-163.656 0.00078575 -0.00078575
-186.744 0.000896597 -0.000896597
-209.949 0.00100801 -0.00100801
-233.3 0.00112013 -0.00112013
-256.263 0.00123037 -0.00123037
-279.557 0.00134221 -0.00134221
-302.766 0.00145364 -0.00145364
-326.118 0.00156576 -0.00156576
-349.043 0.00167583 -0.00167583
-372.744 0.00178962 -0.00178962
-395.654 0.00189962 -0.00189962
-418.876 0.00201111 -0.00201111
-442.075 0.0021225 -0.0021225
-465.185 0.00223345 -0.00223345
-488.463 0.00234522 -0.00234522
-511.68 0.00245669 -0.00245669
-534.705 0.00256723 -0.00256723
-558.166 0.00267987 -0.00267987
-581.197 0.00279045 -0.00279045
-603.715 0.00289857 -0.00289857
-603.715 0.00289857 -0.00289857
-579.766 0.00278358 -0.00278358
-556.197 0.00267042 -0.00267042
-533.049 0.00255928 -0.00255928
-509.401 0.00244574 -0.00244574
-486.176 0.00233424 -0.00233424
-463.162 0.00222374 -0.00222374
-439.752 0.00211135 -0.00211135
-416.68 0.00200057 -0.00200057
-393.425 0.00188892 -0.00188892
-370.152 0.00177718 -0.00177718
-347.003 0.00166604 -0.00166604
-323.825 0.00155475 -0.00155475
-300.429 0.00144243 -0.00144243
-277.29 0.00133133 -0.00133133
-254.151 0.00122023 -0.00122023
-230.916 0.00110868 -0.00110868
-207.744 0.000997423 -0.000997423
-184.539 0.000886011 -0.000886011
-161.35 0.000774674 -0.000774674
-138.205 0.000663553 -0.000663553
-114.988 0.00055208 -0.00055208
-91.6556 0.000440058 -0.000440058
-68.61 0.000329412 -0.000329412
-45.3492 0.000217731 -0.000217731
-22.0397 0.000105817 -0.000105817
1.07716 -5.17168e-06 5.17168e-06
24.4396 -0.00011734 0.00011734
47.5354 -0.000228228 0.000228228
70.7384 -0.000339631 0.000339631
93.9249 -0.000450954 0.000450954
117.031 -0.000561893 0.000561893
140.242 -0.000673334 0.000673334
163.409 -0.000784564 0.000784564
186.6 -0.000895907 0.000895907
210.016 -0.00100833 0.00100833
233.078 -0.00111906 0.00111906
256.257 -0.00123034 0.00123034
279.648 -0.00134265 0.00134265
302.659 -0.00145313 0.00145313
325.906 -0.00156474 0.00156474
349.192 -0.00167655 0.00167655
372.475 -0.00178833 0.00178833
395.539 -0.00189907 0.00189907
418.69 -0.00201022 0.00201022
441.942 -0.00212186 0.00212186
465.191 -0.00223348 0.00223348
488.392 -0.00234487 0.00234487
511.648 -0.00245654 0.00245654
534.697 -0.0025672 0.0025672
558.006 -0.00267911 0.00267911
581.121 -0.00279009 0.00279009
603.603 -0.00289803 0.00289803
603.603 -0.00289803 0.00289803
579.725 -0.00278339 0.00278339
556.231 -0.00267058 0.00267058
532.923 -0.00255868 0.00255868
509.566 -0.00244653 0.00244653
486.269 -0.00233468 0.00233468
463.167 -0.00222376 0.00222376
439.96 -0.00211234 0.00211234
416.575 -0.00200007 0.00200007
393.408 -0.00188884 0.00188884
370.248 -0.00177764 0.00177764
347.113 -0.00166657 0.00166657
323.79 -0.00155458 0.00155458
300.647 -0.00144347 0.00144347
277.369 -0.00133171 0.00133171
254.102 -0.00122 0.00122
231.105 -0.00110959 0.00110959
207.717 -0.000997293 0.000997293
184.665 -0.000886618 0.000886618
161.306 -0.000774464 0.000774464
138.23 -0.00066367 0.00066367
114.941 -0.000551858 0.000551858
91.7905 -0.000440706 0.000440706
68.5008 -0.000328887 0.000328887
45.3893 -0.000217924 0.000217924
21.9311 -0.000105296 0.000105296
-1.00911 4.84498e-06 -4.84498e-06
-24.1299 0.000115853 -0.000115853
-47.383 0.000227496 -0.000227496
-70.577 0.000338856 -0.000338856
-93.8745 0.000450712 -0.000450712
-116.985 0.000561669 -0.000561669
-140.14 0.000672842 -0.000672842
-163.468 0.000784847 -0.000784847
-186.677 0.000896277 -0.000896277
-209.89 0.00100773 -0.00100773
-233.088 0.0011191 -0.0011191
-256.273 0.00123042 -0.00123042
-279.471 0.0013418 -0.0013418
-302.614 0.00145292 -0.00145292
-325.913 0.00156478 -0.00156478
-349.048 0.00167586 -0.00167586
-372.315 0.00178756 -0.00178756
-395.446 0.00189862 -0.00189862
-418.682 0.00201018 -0.00201018
-441.94 0.00212185 -0.00212185
-465.147 0.00223327 -0.00223327
-488.263 0.00234426 -0.00234426
-511.602 0.00245631 -0.00245631
-534.639 0.00256692 -0.00256692
-557.945 0.00267881 -0.00267881
-581.235 0.00279063 -0.00279063
-603.542 0.00289774 -0.00289774
-603.542 0.00289774 -0.00289774
-564.09 0.00270832 -0.00270832
-524.854 0.00251994 -0.00251994
-485.913 0.00233298 -0.00233298
-447.059 0.00214643 -0.00214643
-408.48 0.0019612 -0.0019612
-369.615 0.0017746 -0.0017746
-331.037 0.00158938 -0.00158938
-292.291 0.00140335 -0.00140335
-253.616 0.00121766 -0.00121766
-214.952 0.00103203 -0.00103203
-176.292 0.000846414 -0.000846414
-137.769 0.000661459 -0.000661459
-98.9117 0.000474896 -0.000474896
-60.2532 0.000289289 -0.000289289
-21.5695 0.00010356 -0.00010356
17.1173 -8.21841e-05 8.21841e-05
55.7378 -0.000267609 0.000267609
94.3388 -0.000452941 0.000452941
133.146 -0.000639264 0.000639264
171.649 -0.000824124 0.000824124
210.405 -0.0010102 0.0010102
249.036 -0.00119567 0.00119567
287.762 -0.00138161 0.00138161
326.407 -0.00156715 0.00156715
365.04 -0.00175264 0.00175264
403.7 -0.00193825 0.00193825
442.505 -0.00212456 0.00212456
481.039 -0.00230957 0.00230957
519.795 -0.00249565 0.00249565
558.604 -0.00268198 0.00268198
597.226 -0.00286741 0.00286741
635.746 -0.00305235 0.00305235
674.465 -0.00323825 0.00323825
713.208 -0.00342427 0.00342427
751.863 -0.00360986 0.00360986
790.448 -0.00379511 0.00379511
829.208 -0.00398121 0.00398121
867.938 -0.00416716 0.00416716
905.299 -0.00434654 0.00434654
905.299 -0.00434654 0.00434654
865.957 -0.00415765 0.00415765
826.673 -0.00396904 0.00396904
787.753 -0.00378218 0.00378218
748.914 -0.0035957 0.0035957
710.193 -0.00340979 0.00340979
671.747 -0.0032252 0.0032252
632.878 -0.00303859 0.00303859
594.072 -0.00285227 0.00285227
555.507 -0.00266711 0.00266711
516.723 -0.0024809 0.0024809
478.27 -0.00229628 0.00229628
439.433 -0.00210981 0.00210981
400.727 -0.00192398 0.00192398
361.974 -0.00173792 0.00173792
323.383 -0.00155263 0.00155263
284.734 -0.00136707 0.00136707
246.254 -0.00118232 0.00118232
207.304 -0.000995309 0.000995309
168.731 -0.000810116 0.000810116
129.953 -0.000623933 0.000623933
91.1515 -0.000437638 0.000437638
52.6593 -0.000252829 0.000252829
14.0009 -6.72213e-05 6.72213e-05
-24.6864 0.000118525 -0.000118525
-63.1796 0.000303339 -0.000303339
-102.008 0.000489764 -0.000489764
-140.72 0.000675628 -0.000675628
-179.468 0.000861665 -0.000861665
-218.003 0.00104668 -0.00104668
-256.762 0.00123277 -0.00123277
-295.467 0.0014186 -0.0014186
-334.104 0.00160411 -0.00160411
-372.826 0.00179002 -0.00179002
-411.463 0.00197552 -0.00197552
-450.1 0.00216103 -0.00216103
-488.777 0.00234672 -0.00234672
-527.378 0.00253206 -0.00253206
-566.113 0.00271803 -0.00271803
-604.805 0.0029038 -0.0029038
-643.337 0.0030888 -0.0030888
-682.193 0.00327536 -0.00327536
-720.813 0.00346078 -0.00346078
-759.535 0.00364669 -0.00364669
-798.216 0.00383241 -0.00383241
-836.99 0.00401857 -0.00401857
-875.64 0.00420414 -0.00420414
-905.551 0.00434775 -0.00434775
-866.297 0.00415928 -0.00415928
-826.75 0.0039694 -0.0039694
-787.84 0.00378259 -0.00378259
-748.96 0.00359592 -0.00359592
-710.287 0.00341024 -0.00341024
-671.559 0.0032243 -0.0032243
-632.733 0.00303789 -0.00303789
-594.197 0.00285287 -0.00285287
-555.378 0.00266649 -0.00266649
-516.862 0.00248157 -0.00248157
-478.208 0.00229598 -0.00229598
-439.575 0.00211049 -0.00211049
-400.716 0.00192392 -0.00192392
-362.053 0.0017383 -0.0017383
-323.432 0.00155287 -0.00155287
-284.796 0.00136737 -0.00136737
-246.145 0.0011818 -0.0011818
-207.465 0.000996084 -0.000996084
-168.718 0.00081005 -0.00081005
-130.059 0.000624439 -0.000624439
-91.3723 0.000438698 -0.000438698
-52.8374 0.000253684 -0.000253684
-14.141 6.78939e-05 -6.78939e-05
24.6158 -0.000118186 0.000118186
63.1962 -0.000303419 0.000303419
101.924 -0.00048936 0.00048936
140.555 -0.000674836 0.000674836
179.157 -0.00086017 0.00086017
217.937 -0.00104637 0.00104637
256.623 -0.0012321 0.0012321
295.24 -0.00141751 0.00141751
333.988 -0.00160355 0.00160355
372.515 -0.00178853 0.00178853
411.246 -0.00197448 0.00197448
450.018 -0.00216063 0.00216063
488.778 -0.00234673 0.00234673
527.442 -0.00253236 0.00253236
566.08 -0.00271787 0.00271787
604.72 -0.00290339 0.00290339
643.374 -0.00308898 0.00308898
681.952 -0.0032742 0.0032742
720.823 -0.00346083 0.00346083
759.412 -0.0036461 0.0036461
798.1 -0.00383185 0.00383185
836.767 -0.0040175 0.0040175
875.513 -0.00420353 0.00420353
905.326 -0.00434667 0.00434667
866.145 -0.00415855 0.00415855
826.943 -0.00397033 0.00397033
787.88 -0.00378278 0.00378278
749.051 -0.00359635 0.00359635
710.265 -0.00341014 0.00341014
671.88 -0.00322584 0.00322584
633.099 -0.00303965 0.00303965
594.333 -0.00285352 0.00285352
555.664 -0.00266786 0.00266786
516.969 -0.00248208 0.00248208
478.357 -0.0022967 0.0022967
439.554 -0.0021104 0.0021104
400.889 -0.00192476 0.00192476
362.264 -0.00173931 0.00173931
323.462 -0.00155301 0.00155301
284.914 -0.00136793 0.00136793
246.214 -0.00118212 0.00118212
207.658 -0.00099701 0.00099701
168.729 -0.000810103 0.000810103
130.172 -0.000624986 0.000624986
91.4655 -0.000439146 0.000439146
52.7078 -0.000253061 0.000253061
14.1399 -6.78887e-05 6.78887e-05
-24.49 0.000117582 -0.000117582
-63.2377 0.000303618 -0.000303618
-101.787 0.0004887 -0.0004887
-140.59 0.000675005 -0.000675005
-179.292 0.00086082 -0.00086082
-217.885 0.00104611 -0.00104611
-256.602 0.001232 -0.001232
-295.198 0.00141731 -0.00141731
-333.978 0.0016035 -0.0016035
-372.61 0.00178898 -0.00178898
-411.279 0.00197464 -0.00197464
-449.99 0.0021605 -0.0021605
-488.513 0.00234546 -0.00234546
-527.314 0.00253175 -0.00253175
-565.968 0.00271734 -0.00271734
-604.651 0.00290306 -0.00290306
-643.325 0.00308874 -0.00308874
-681.952 0.0032742 -0.0032742
-720.621 0.00345986 -0.00345986
-759.233 0.00364524 -0.00364524
-797.915 0.00383096 -0.00383096
-836.748 0.00401741 -0.00401741
-875.315 0.00420258 -0.00420258
-905.506 0.00434753 -0.00434753
-864.814 0.00415216 -0.00415216
-825.379 0.00396282 -0.00396282
-786.392 0.00377564 -0.00377564
-747.541 0.00358911 -0.00358911
-708.881 0.00340349 -0.00340349
-670.098 0.00321729 -0.00321729
-631.407 0.00303152 -0.00303152
-592.871 0.0028465 -0.0028465
-554.162 0.00266065 -0.00266065
-515.504 0.00247505 -0.00247505
-476.801 0.00228923 -0.00228923
-438.1 0.00210341 -0.00210341
-399.44 0.0019178 -0.0019178
-360.699 0.00173179 -0.00173179
-322.109 0.00154651 -0.00154651
-283.336 0.00136036 -0.00136036
-244.726 0.00117498 -0.00117498
-206.099 0.000989525 -0.000989525
-167.388 0.000803666 -0.000803666
-128.618 0.000617523 -0.000617523
-89.9542 0.000431889 -0.000431889
-51.3948 0.000246758 -0.000246758
-12.6855 6.0906e-05 -6.0906e-05
25.8618 -0.000124168 0.000124168
64.6144 -0.000310227 0.000310227
103.237 -0.000495662 0.000495662
142.01 -0.000681821 0.000681821
180.691 -0.000867538 0.000867538
219.282 -0.00105282 0.00105282
257.934 -0.00123839 0.00123839
296.677 -0.00142441 0.00142441
335.324 -0.00160996 0.00160996
373.948 -0.00179541 0.00179541
412.627 -0.00198111 0.00198111
451.379 -0.00216717 0.00216717
490.114 -0.00235314 0.00235314
528.752 -0.00253865 0.00253865
567.42 -0.00272431 0.00272431
606.042 -0.00290974 0.00290974
644.748 -0.00309557 0.00309557
683.393 -0.00328112 0.00328112
722.168 -0.00346728 0.00346728
760.68 -0.00365219 0.00365219
799.426 -0.00383822 0.00383822
838.169 -0.00402423 0.00402423
876.716 -0.0042093 0.0042093
905.439 -0.00434721 0.00434721
866.371 -0.00415963 0.00415963
827.026 -0.00397073 0.00397073
788.07 -0.0037837 0.0037837
749.387 -0.00359797 0.00359797
710.598 -0.00341173 0.00341173
672.035 -0.00322658 0.00322658
633.117 -0.00303973 0.00303973
594.569 -0.00285465 0.00285465
555.871 -0.00266886 0.00266886
517.102 -0.00248272 0.00248272
478.357 -0.0022967 0.0022967
439.773 -0.00211145 0.00211145
401.029 -0.00192543 0.00192543
362.395 -0.00173994 0.00173994
323.547 -0.00155342 0.00155342
284.94 -0.00136806 0.00136806
246.327 -0.00118267 0.00118267
207.618 -0.000996821 0.000996821
169.065 -0.000811716 0.000811716
130.437 -0.000626254 0.000626254
91.7993 -0.000440748 0.000440748
52.8973 -0.000253972 0.000253972
14.2283 -6.83132e-05 6.83132e-05
-24.4072 0.000117184 -0.000117184
-63.119 0.000303048 -0.000303048
-101.713 0.000488344 -0.000488344
-140.382 0.000674004 -0.000674004
-179.058 0.000859698 -0.000859698
-217.652 0.001045 -0.001045
-256.315 0.00123062 -0.00123062
-295.045 0.00141658 -0.00141658
-333.859 0.00160293 -0.00160293
-372.235 0.00178718 -0.00178718
-411.046 0.00197352 -0.00197352
-449.664 0.00215893 -0.00215893
-488.578 0.00234577 -0.00234577
-527.106 0.00253075 -0.00253075
-565.828 0.00271666 -0.00271666
-604.401 0.00290186 -0.00290186
-643.155 0.00308793 -0.00308793
-681.644 0.00327272 -0.00327272
-720.538 0.00345946 -0.00345946
-759.051 0.00364437 -0.00364437
-797.756 0.0038302 -0.0038302
-836.508 0.00401626 -0.00401626
-875.112 0.0042016 -0.0042016
-905.492 0.00434747 -0.00434747
-866.593 0.0041607 -0.0041607
-827.188 0.00397151 -0.00397151
-788.22 0.00378442 -0.00378442
-749.229 0.00359721 -0.00359721
-710.567 0.00341159 -0.00341159
-672.014 0.00322648 -0.00322648
-633.174 0.00304001 -0.00304001
-594.465 0.00285415 -0.00285415
-555.822 0.00266862 -0.00266862
-517.133 0.00248287 -0.00248287
-478.626 0.00229799 -0.00229799
-439.68 0.002111 -0.002111
-401.247 0.00192647 -0.00192647
-362.46 0.00174025 -0.00174025
-323.803 0.00155465 -0.00155465
-285.187 0.00136925 -0.00136925
-246.435 0.00118319 -0.00118319
-207.803 0.000997706 -0.000997706
-169.207 0.0008124 -0.0008124
-130.416 0.000626155 -0.000626155
-91.693 0.000440238 -0.000440238
-53.0862 0.000254879 -0.000254879
-14.4713 6.94801e-05 -6.94801e-05
24.2105 -0.00011624 0.00011624
62.9959 -0.000302457 0.000302457
101.62 -0.000487899 0.000487899
140.219 -0.00067322 0.00067322
178.862 -0.000858755 0.000858755
217.59 -0.0010447 0.0010447
256.268 -0.0012304 0.0012304
295.01 -0.00141641 0.00141641
333.611 -0.00160174 0.00160174
372.348 -0.00178772 0.00178772
410.974 -0.00197317 0.00197317
449.685 -0.00215904 0.00215904
488.382 -0.00234483 0.00234483
527.087 -0.00253066 0.00253066
565.811 -0.00271658 0.00271658
604.379 -0.00290176 0.00290176
643.049 -0.00308742 0.00308742
681.595 -0.00327249 0.00327249
720.393 -0.00345876 0.00345876
759.011 -0.00364418 0.00364418
797.595 -0.00382942 0.00382942
836.215 -0.00401485 0.00401485
875.058 -0.00420135 0.00420135
905.488 -0.00434745 0.00434745
866.506 -0.00416028 0.00416028
827.271 -0.00397191 0.00397191
788.162 -0.00378414 0.00378414
749.457 -0.00359831 0.00359831
710.631 -0.00341189 0.00341189
672.148 -0.00322713 0.00322713
633.41 -0.00304114 0.00304114
594.644 -0.00285501 0.00285501
555.959 -0.00266928 0.00266928
517.384 -0.00248407 0.00248407
478.563 -0.00229768 0.00229768
439.945 -0.00211227 0.00211227
401.286 -0.00192666 0.00192666
362.564 -0.00174075 0.00174075
323.861 -0.00155493 0.00155493
285.216 -0.00136938 0.00136938
246.417 -0.0011831 0.0011831
207.773 -0.000997565 0.000997565
169.114 -0.000811954 0.000811954
130.644 -0.000627251 0.000627251
91.8746 -0.00044111 0.00044111
53.0871 -0.000254883 0.000254883
14.3575 -6.89334e-05 6.89334e-05
-24.2281 0.000116324 -0.000116324
-62.9121 0.000302054 -0.000302054
-101.537 0.000487503 -0.000487503
-140.293 0.000673577 -0.000673577
-178.906 0.000858967 -0.000858967
-217.469 0.00104412 -0.00104412
-256.214 0.00123014 -0.00123014
-294.914 0.00141595 -0.00141595
-333.544 0.00160142 -0.00160142
-372.283 0.00178741 -0.00178741
-410.851 0.00197259 -0.00197259
-449.566 0.00215846 -0.00215846
-488.473 0.00234526 -0.00234526
-527.161 0.00253102 -0.00253102
-565.602 0.00271558 -0.00271558
-604.491 0.00290229 -0.00290229
-643.103 0.00308768 -0.00308768
-681.708 0.00327303 -0.00327303
-720.358 0.0034586 -0.0034586
-758.937 0.00364382 -0.00364382
-797.676 0.00382981 -0.00382981
-836.296 0.00401524 -0.00401524
-874.882 0.0042005 -0.0042005
-905.478 0.00434739 -0.00434739
-843.519 0.00404992 -0.00404992
-780.566 0.00374767 -0.00374767
-718.274 0.00344859 -0.00344859
-656.34 0.00315123 -0.00315123
-594.23 0.00285303 -0.00285303
-532.369 0.00255602 -0.00255602
-470.486 0.00225891 -0.00225891
-408.602 0.00196179 -0.00196179
-346.741 0.00166478 -0.00166478
-284.884 0.00136779 -0.00136779
-222.948 0.00107042 -0.00107042
-161.066 0.000773314 -0.000773314
-99.059 0.000475604 -0.000475604
-37.4024 0.000179577 -0.000179577
24.3929 -0.000117115 0.000117115
86.4746 -0.000415183 0.000415183
148.324 -0.000712136 0.000712136
210.123 -0.00100885 0.00100885
272.036 -0.0013061 0.0013061
333.875 -0.00160301 0.00160301
395.849 -0.00190056 0.00190056
457.623 -0.00219715 0.00219715
519.591 -0.00249467 0.00249467
581.347 -0.00279117 0.00279117
643.199 -0.00308814 0.00308814
705.186 -0.00338575 0.00338575
767.152 -0.00368326 0.00368326
828.836 -0.00397942 0.00397942
890.767 -0.00427676 0.00427676
952.669 -0.00457397 0.00457397
1014.59 -0.00487124 0.00487124
1076.35 -0.00516778 0.00516778
1138.27 -0.00546507 0.00546507
1200.19 -0.00576239 0.00576239
1207.31 -0.00579653 0.00579653
1143.32 -0.00548931 0.00548931
1080.38 -0.00518715 0.00518715
1017.95 -0.00488742 0.00488742
955.985 -0.00458989 0.00458989
894.077 -0.00429266 0.00429266
832.85 -0.00399869 0.00399869
770.062 -0.00369723 0.00369723
708.063 -0.00339956 0.00339956
646.338 -0.00310321 0.00310321
584.454 -0.00280609 0.00280609
522.647 -0.00250934 0.00250934
460.702 -0.00221193 0.00221193
398.786 -0.00191466 0.00191466
336.873 -0.0016174 0.0016174
275.106 -0.00132084 0.00132084
213.178 -0.00102352 0.00102352
151.168 -0.000725793 0.000725793
89.3028 -0.000428762 0.000428762
27.5874 -0.000132453 0.000132453
-34.4881 0.000165585 -0.000165585
-96.3423 0.00046256 -0.00046256
-158.067 0.000758916 -0.000758916
-219.793 0.00105528 -0.00105528
-281.872 0.00135333 -0.00135333
-343.77 0.00165052 -0.00165052
-405.645 0.00194759 -0.00194759
-467.351 0.00224385 -0.00224385
-529.363 0.00254158 -0.00254158
-591.22 0.00283858 -0.00283858
-653.105 0.0031357 -0.0031357
-714.984 0.00343279 -0.00343279
-776.772 0.00372945 -0.00372945
-838.621 0.0040264 -0.0040264
-900.706 0.00432448 -0.00432448
-962.437 0.00462087 -0.00462087
-1024.36 0.00491815 -0.00491815
-1086.35 0.00521582 -0.00521582
-1148.26 0.00551304 -0.00551304
-1207.47 0.0057973 -0.0057973
-1207.47 0.0057973 -0.0057973
-1143.34 0.00548942 -0.00548942
-1080.5 0.00518771 -0.00518771
-1018.08 0.00488804 -0.00488804
-955.933 0.00458964 -0.00458964
-894.017 0.00429237 -0.00429237
-832.074 0.00399497 -0.00399497
-770.234 0.00369806 -0.00369806
-708.265 0.00340054 -0.00340054
-646.338 0.00310321 -0.00310321
-584.499 0.00280631 -0.00280631
-522.684 0.00250952 -0.00250952
-460.695 0.00221189 -0.00221189
-398.919 0.0019153 -0.0019153
-337.159 0.00161877 -0.00161877
-275.066 0.00132065 -0.00132065
-213.238 0.0010238 -0.0010238
-151.425 0.000727025 -0.000727025
-89.526 0.000429834 -0.000429834
-27.668 0.00013284 -0.00013284
34.2279 -0.000164335 0.000164335
96.1194 -0.00046149 0.00046149
158.033 -0.000758752 0.000758752
219.809 -0.00105535 0.00105535
281.754 -0.00135276 0.00135276
343.515 -0.00164929 0.00164929
405.439 -0.0019466 0.0019466
467.358 -0.00224389 0.00224389
529.199 -0.0025408 0.0025408
591.103 -0.00283801 0.00283801
652.924 -0.00313483 0.00313483
714.764 -0.00343174 0.00343174
776.701 -0.00372911 0.00372911
838.66 -0.00402659 0.00402659
900.505 -0.00432352 0.00432352
962.391 -0.00462065 0.00462065
1024.26 -0.00491769 0.00491769
1086.11 -0.00521463 0.00521463
1147.91 -0.00551135 0.00551135
1207.5 -0.00579746 0.00579746
1207.5 -0.00579746 0.00579746
1143.59 -0.00549063 0.00549063
1080.5 -0.0051877 0.0051877
1018.29 -0.00488901 0.00488901
956.103 -0.00459046 0.00459046
894.323 -0.00429384 0.00429384
832.445 -0.00399675 0.00399675
770.818 -0.00370086 0.00370086
708.166 -0.00340006 0.00340006
646.403 -0.00310352 0.00310352
584.578 -0.00280668 0.00280668
522.721 -0.0025097 0.0025097
460.882 -0.00221279 0.00221279
399.066 -0.001916 0.001916
337.166 -0.00161881 0.00161881
275.205 -0.00132132 0.00132132
213.436 -0.00102475 0.00102475
151.49 -0.000727338 0.000727338
89.6152 -0.000430262 0.000430262
27.7926 -0.000133438 0.000133438
-34.0857 0.000163653 -0.000163653
-95.795 0.000459932 -0.000459932
-157.805 0.000757654 -0.000757654
-219.866 0.00105563 -0.00105563
-281.678 0.0013524 -0.0013524
-343.528 0.00164935 -0.00164935
-405.376 0.0019463 -0.0019463
-467.293 0.00224358 -0.00224358
-529.131 0.00254047 -0.00254047
-590.973 0.00283739 -0.00283739
-652.872 0.00313458 -0.00313458
-714.786 0.00343184 -0.00343184
-776.581 0.00372853 -0.00372853
-838.523 0.00402593 -0.00402593
-900.371 0.00432288 -0.00432288
-962.322 0.00462032 -0.00462032
-1024.02 0.00491655 -0.00491655
-1085.98 0.00521401 -0.00521401
-1147.94 0.0055115 -0.0055115
-1207.45 0.00579721 -0.00579721
-1207.45 0.00579721 -0.00579721
-1143.81 0.0054917 -0.0054917
-1080.67 0.00518854 -0.00518854
-1018.27 0.00488894 -0.00488894
-956.181 0.00459083 -0.00459083
-894.265 0.00429356 -0.00429356
-832.352 0.0039963 -0.0039963
-770.351 0.00369862 -0.00369862
-708.552 0.00340191 -0.00340191
-646.662 0.00310477 -0.00310477
-584.813 0.00280781 -0.00280781
-522.825 0.00251019 -0.00251019
-460.957 0.00221315 -0.00221315
-399.084 0.00191609 -0.00191609
-337.222 0.00161908 -0.00161908
-275.305 0.0013218 -0.0013218
-213.457 0.00102485 -0.00102485
-151.606 0.000727891 -0.000727891
-89.7832 0.000431069 -0.000431069
-27.7781 0.000133369 -0.000133369
33.9982 -0.000163232 0.000163232
95.8234 -0.000460069 0.000460069
157.732 -0.000757307 0.000757307
219.51 -0.00105391 0.00105391
281.454 -0.00135132 0.00135132
343.431 -0.00164888 0.00164888
405.162 -0.00194527 0.00194527
467.087 -0.00224258 0.00224258
528.908 -0.0025394 0.0025394
590.845 -0.00283678 0.00283678
652.899 -0.00313471 0.00313471
714.709 -0.00343147 0.00343147
776.489 -0.00372809 0.00372809
838.343 -0.00402507 0.00402507
900.3 -0.00432254 0.00432254
962.138 -0.00461943 0.00461943
1023.94 -0.00491618 0.00491618
1085.87 -0.0052135 0.0052135
1147.81 -0.00551087 0.00551087
1207.29 -0.00579648 0.00579648
1207.29 -0.00579648 0.00579648
1143.72 -0.00549123 0.00549123
1080.76 -0.00518894 0.00518894
1018.46 -0.00488983 0.00488983
956.263 -0.00459123 0.00459123
894.421 -0.00429431 0.00429431
832.896 -0.00399891 0.00399891
771.431 -0.00370381 0.00370381
708.358 -0.00340098 0.00340098
646.677 -0.00310484 0.00310484
585.077 -0.00280908 0.00280908
522.973 -0.00251091 0.00251091
461.143 -0.00221405 0.00221405
399.305 -0.00191715 0.00191715
337.471 -0.00162027 0.00162027
275.603 -0.00132323 0.00132323
213.608 -0.00102558 0.00102558
151.707 -0.000728376 0.000728376
89.872 -0.000431495 0.000431495
27.9271 -0.000134084 0.000134084
-33.9014 0.000162768 -0.000162768
-95.7556 0.000459744 -0.000459744
-157.643 0.000756877 -0.000756877
-219.534 0.00105403 -0.00105403
-281.386 0.00135099 -0.00135099
-343.417 0.00164882 -0.00164882
-405.163 0.00194528 -0.00194528
-467.082 0.00224256 -0.00224256
-528.835 0.00253905 -0.00253905
-590.726 0.0028362 -0.0028362
-652.63 0.00313342 -0.00313342
-714.508 0.00343051 -0.00343051
-776.436 0.00372784 -0.00372784
-838.237 0.00402456 -0.00402456
-900.137 0.00432175 -0.00432175
-962.19 0.00461968 -0.00461968
-1023.77 0.00491532 -0.00491532
-1085.7 0.00521268 -0.00521268
-1147.57 0.00550972 -0.00550972
-1207.53 0.00579762 -0.00579762
-1207.53 0.00579762 -0.00579762
-1143.93 0.00549223 -0.00549223
-1080.9 0.00518964 -0.00518964
-1018.57 0.00489037 -0.00489037
-956.356 0.00459167 -0.00459167
-894.457 0.00429448 -0.00429448
-832.625 0.00399761 -0.00399761
-770.721 0.0037004 -0.0037004
-708.866 0.00340342 -0.00340342
-646.922 0.00310601 -0.00310601
-585.027 0.00280884 -0.00280884
-523.172 0.00251186 -0.00251186
-461.214 0.00221439 -0.00221439
-399.364 0.00191744 -0.00191744
-337.544 0.00162062 -0.00162062
-275.646 0.00132344 -0.00132344
-213.868 0.00102683 -0.00102683
-151.985 0.000729714 -0.000729714
-90.1117 0.000432646 -0.000432646
-28.2313 0.000135545 -0.000135545
33.6672 -0.000161643 0.000161643
95.6667 -0.000459317 0.000459317
157.494 -0.000756163 0.000756163
219.402 -0.0010534 0.0010534
281.231 -0.00135025 0.00135025
343.163 -0.0016476 0.0016476
405.008 -0.00194453 0.00194453
466.912 -0.00224175 0.00224175
528.866 -0.0025392 0.0025392
590.485 -0.00283505 0.00283505
652.573 -0.00313314 0.00313314
714.379 -0.00342989 0.00342989
776.194 -0.00372668 0.00372668
838.063 -0.00402372 0.00402372
899.85 -0.00432037 0.00432037
961.887 -0.00461823 0.00461823
1023.77 -0.00491534 0.00491534
1085.65 -0.00521244 0.00521244
1147.5 -0.00550938 0.00550938
1207.37 -0.00579683 0.00579683
1207.37 -0.00579683 0.00579683
1144.02 -0.00549271 0.00549271
1080.96 -0.00518995 0.00518995
1018.62 -0.0048906 0.0048906
956.699 -0.00459332 0.00459332
894.687 -0.00429559 0.00429559
832.882 -0.00399885 0.00399885
771.603 -0.00370463 0.00370463
708.655 -0.00340241 0.00340241
646.874 -0.00310578 0.00310578
585.222 -0.00280978 0.00280978
523.253 -0.00251225 0.00251225
461.442 -0.00221548 0.00221548
399.536 -0.00191826 0.00191826
337.803 -0.00162187 0.00162187
275.82 -0.00132427 0.00132427
213.95 -0.00102722 0.00102722
151.866 -0.00072914 0.00072914
90.1094 -0.000432635 0.000432635
28.208 -0.000135433 0.000135433
-33.6042 0.000161341 -0.000161341
-95.4992 0.000458512 -0.000458512
-157.332 0.000755385 -0.000755385
-219.25 0.00105266 -0.00105266
-281.088 0.00134957 -0.00134957
-343.207 0.00164781 -0.00164781
-404.885 0.00194394 -0.00194394
-466.779 0.00224111 -0.00224111
-528.538 0.00253763 -0.00253763
-590.428 0.00283477 -0.00283477
-652.393 0.00313228 -0.00313228
-714.163 0.00342885 -0.00342885
-776.058 0.00372602 -0.00372602
-838.081 0.00402381 -0.00402381
-899.879 0.00432051 -0.00432051
-961.706 0.00461736 -0.00461736
-1023.54 0.00491425 -0.00491425
-1085.57 0.00521207 -0.00521207
-1147.61 0.00550993 -0.00550993
-1207.42 0.00579711 -0.00579711
-1207.42 0.00579711 -0.00579711
-1112.3 0.00534041 -0.00534041
-1018.38 0.00488947 -0.00488947
-925.125 0.00444172 -0.00444172
-831.797 0.00399364 -0.00399364
-738.834 0.0035473 -0.0035473
-646.131 0.00310221 -0.00310221
-553.183 0.00265595 -0.00265595
-460.373 0.00221035 -0.00221035
-367.572 0.00176479 -0.00176479
-274.805 0.0013194 -0.0013194
-182.047 0.000874045 -0.000874045
-89.1308 0.000427937 -0.000427937
3.75087 -1.80087e-05 1.80087e-05
96.4291 -0.000462977 0.000462977
189.306 -0.000908897 0.000908897
282.23 -0.00135505 0.00135505
374.832 -0.00179965 0.00179965
467.885 -0.00224642 0.00224642
560.358 -0.0026904 0.0026904
653.435 -0.00313728 0.00313728
746.183 -0.00358259 0.00358259
838.945 -0.00402796 0.00402796
931.67 -0.00447315 0.00447315
1024.63 -0.00491947 0.00491947
1117.45 -0.00536513 0.00536513
1210.32 -0.00581101 0.00581101
1302.94 -0.00625567 0.00625567
1395.78 -0.00670145 0.00670145
1419.62 -0.00738995 0.00738995
1425 -0.00814059 0.00814059
1430.37 -0.00889019 0.00889019
1435.76 -0.00964189 0.00964189
1438.3 -0.00999617 0.00999617
1345.91 -0.00955084 0.00955084
1251.75 -0.00909701 0.00909701
1158.39 -0.00864701 0.00864701
1065.64 -0.0081999 0.0081999
973.396 -0.00775529 0.00775529
879.876 -0.00730452 0.00730452
787.301 -0.00685829 0.00685829
694.699 -0.00641194 0.00641194
602.126 -0.00596573 0.00596573
509.547 -0.00551948 0.00551948
417.12 -0.00507397 0.00507397
324.309 -0.00462661 0.00462661
231.685 -0.00418015 0.00418015
139.168 -0.00373421 0.00373421
46.6844 -0.00328843 0.00328843
-46.1642 -0.00284089 0.00284089
-138.769 -0.00239452 0.00239452
-231.162 -0.00194918 0.00194918
-323.84 -0.00150246 0.00150246
-416.388 -0.00105637 0.00105637
-508.998 -0.000609969 0.000609969
-601.64 -0.000163425 0.000163425
-694.254 0.000282984 -0.000282984
-786.985 0.000729959 -0.000729959
-879.484 0.00117582 -0.00117582
-972.108 0.00162228 -0.00162228
-1064.61 0.00206814 -0.00206814
-1157.28 0.00251485 -0.00251485
-1249.93 0.0029614 -0.0029614
-1342.6 0.00340808 -0.00340808
-1389.42 0.00401451 -0.00401451
-1394.78 0.00476495 -0.00476495
-1400.14 0.00551621 -0.00551621
-1405.49 0.00626737 -0.00626737
-1410.85 0.00701784 -0.00701784
-1416.21 0.0077695 -0.0077695
-1421.56 0.00851985 -0.00851985
-1426.93 0.00927208 -0.00927208
-1432.25 0.0100189 -0.0100189
-1432.25 0.0100189 -0.0100189
-1340.25 0.00957194 -0.00957194
-1246.43 0.00911616 -0.00911616
-1153.57 0.00866506 -0.00866506
-1061.01 0.00821542 -0.00821542
-968.779 0.00776734 -0.00776734
-876.531 0.0073192 -0.0073192
-784.263 0.00687095 -0.00687095
-692.087 0.00642316 -0.00642316
-599.912 0.00597537 -0.00597537
-507.675 0.00552728 -0.00552728
-415.44 0.0050792 -0.0050792
-323.499 0.00463254 -0.00463254
-231.222 0.00418426 -0.00418426
-139.057 0.00373652 -0.00373652
-46.8774 0.00328871 -0.00328871
45.381 0.00284051 -0.00284051
137.687 0.00239208 -0.00239208
229.742 0.00194488 -0.00194488
321.805 0.00149763 -0.00149763
414.077 0.00104937 -0.00104937
506.113 0.00060226 -0.00060226
598.472 0.000153575 -0.000153575
690.567 -0.000293826 0.000293826
782.832 -0.000742053 0.000742053
875.104 -0.00119031 0.00119031
967.12 -0.00163733 0.00163733
1059.34 -0.00208535 0.00208535
1151.66 -0.00253384 0.00253384
1243.9 -0.00298194 0.00298194
1335.94 -0.00342908 0.00342908
1383.52 -0.00403312 0.00403312
1388.85 -0.00478446 0.00478446
1394.19 -0.00553567 0.00553567
1399.51 -0.0062862 0.0062862
1404.85 -0.0070376 0.0070376
1410.18 -0.00778814 0.00778814
1415.52 -0.00853977 0.00853977
1420.86 -0.00929179 0.00929179
1426.16 -0.0100384 0.0100384
1426.16 -0.0100384 0.0100384
1335.01 -0.00959209 0.00959209
1241.63 -0.00913486 0.00913486
1149.21 -0.00868238 0.00868238
1057.16 -0.00823168 0.00823168
965.645 -0.00778357 0.00778357
873.175 -0.0073308 0.0073308
781.309 -0.006881 0.006881
689.655 -0.00643223 0.00643223
597.984 -0.00598337 0.00598337
506.153 -0.00553374 0.00553374
414.494 -0.00508494 0.00508494
322.705 -0.00463552 0.00463552
230.884 -0.00418593 0.00418593
139.172 -0.00373688 0.00373688
47.4892 -0.00328797 0.00328797
-44.4774 -0.00283767 0.00283767
-136.22 -0.00238846 0.00238846
-228.01 -0.00193903 0.00193903
-319.744 -0.00148987 0.00148987
-411.443 -0.00104088 0.00104088
-503.126 -0.000591969 0.000591969
-594.838 -0.000142913 0.000142913
-686.648 0.000306617 -0.000306617
-778.417 0.000755948 -0.000755948
-870.263 0.00120566 -0.00120566
-961.804 0.00165388 -0.00165388
-1053.73 0.00210399 -0.00210399
-1145.49 0.00255326 -0.00255326
-1237.37 0.00300315 -0.00300315
-1329.12 0.00345236 -0.00345236
-1377.57 0.00405255 -0.00405255
-1382.87 0.00480365 -0.00480365
-1388.18 0.00555468 -0.00555468
-1393.5 0.00630746 -0.00630746
-1398.82 0.00705927 -0.00705927
-1404.11 0.00780816 -0.00780816
-1409.42 0.00855978 -0.00855978
-1414.74 0.00931139 -0.00931139
-1420.03 0.01006 -0.01006
-1420.03 0.01006 -0.01006
-1306.77 0.00950112 -0.00950112
-1190.82 0.00892887 -0.00892887
-1075.86 0.00836157 -0.00836157
-961.441 0.0077969 -0.0077969
-847.119 0.00723272 -0.00723272
-732.858 0.00666883 -0.00666883
-618.542 0.00610469 -0.00610469
-504.426 0.00554152 -0.00554152
-390.137 0.0049775 -0.0049775
-276.096 0.00441471 -0.00441471
-161.759 0.00385045 -0.00385045
-47.6243 0.00328719 -0.00328719
66.4507 0.00272423 -0.00272423
180.557 0.00216111 -0.00216111
294.763 0.0015975 -0.0015975
408.976 0.00103386 -0.00103386
523.233 0.000469997 -0.000469997
637.345 -9.31478e-05 9.31478e-05
751.484 -0.000656425 0.000656425
865.573 -0.00121946 0.00121946
979.892 -0.00178363 0.00178363
1094.04 -0.00234695 0.00234695
1208.22 -0.00291044 0.00291044
1322.3 -0.00347341 0.00347341
1372.9 -0.00425965 0.00425965
1379.51 -0.00519997 0.00519997
1386.12 -0.00613924 0.00613924
1392.73 -0.00707816 0.00707816
1399.33 -0.0080158 0.0080158
1405.95 -0.00895666 0.00895666
1412.55 -0.00989524 0.00989524
1419.16 -0.0108353 0.0108353
1425.77 -0.0117747 0.0117747
1432.38 -0.0127137 0.0127137
1438.99 -0.0136526 0.0136526
1445.59 -0.014591 0.014591
1448.24 -0.0149683 0.0149683
1331.44 -0.0143836 0.0143836
1216.41 -0.0138078 0.0138078
1102.28 -0.0132365 0.0132365
988.676 -0.0126678 0.0126678
875.534 -0.0121014 0.0121014
762.025 -0.0115332 0.0115332
648.721 -0.010966 0.010966
535.562 -0.0103996 0.0103996
422.488 -0.00983355 0.00983355
309.02 -0.00926556 0.00926556
195.893 -0.00869926 0.00869926
82.5463 -0.00813187 0.00813187
-30.6981 -0.00756499 0.00756499
-143.869 -0.00699848 0.00699848
-257.066 -0.00643184 0.00643184
-370.243 -0.0058653 0.0058653
-483.402 -0.00529885 0.00529885
-596.731 -0.00473155 0.00473155
-709.791 -0.0041656 0.0041656
-823.074 -0.00359852 0.00359852
-936.325 -0.00303161 0.00303161
-1049.58 -0.00246468 0.00246468
-1162.85 -0.00189766 0.00189766
-1276.17 -0.00133041 0.00133041
-1323.45 -0.000533918 0.000533918
-1329.98 0.000406438 -0.000406438
-1336.51 0.00134549 -0.00134549
-1343.04 0.00228473 -0.00228473
-1349.57 0.0032245 -0.0032245
-1356.1 0.00416437 -0.00416437
-1362.62 0.00510259 -0.00510259
-1369.16 0.00604281 -0.00604281
-1375.69 0.00698199 -0.00698199
-1382.21 0.00792134 -0.00792134
-1388.75 0.00886156 -0.00886156
-1395.27 0.0098003 -0.0098003
-1401.8 0.0107388 -0.0107388
-1408.33 0.0116791 -0.0116791
-1414.86 0.0126187 -0.0126187
-1421.39 0.0135576 -0.0135576
-1427.93 0.0144981 -0.0144981
-1431.59 0.0150252 -0.0150252
-1316.46 0.014437 -0.014437
-1202.76 0.0138561 -0.0138561
-1090.13 0.0132807 -0.0132807
-977.99 0.0127078 -0.0127078
-865.907 0.0121352 -0.0121352
-753.997 0.0115634 -0.0115634
-642.27 0.0109926 -0.0109926
-530.23 0.0104202 -0.0104202
-418.339 0.00984857 -0.00984857
-306.431 0.00927683 -0.00927683
-194.602 0.0087055 -0.0087055
-82.8995 0.00813482 -0.00813482
29.0595 0.00756282 -0.00756282
141 0.00699092 -0.00699092
252.784 0.00641982 -0.00641982
364.715 0.00584797 -0.00584797
476.58 0.00527645 -0.00527645
588.372 0.00470532 -0.00470532
700.315 0.0041334 -0.0041334
812.251 0.00356152 -0.00356152
924.089 0.00299015 -0.00299015
1036.04 0.0024182 -0.0024182
1147.88 0.00184681 -0.00184681
1259.73 0.00127535 -0.00127535
1307.98 0.000481948 -0.000481948
1314.42 -0.000457176 0.000457176
1320.89 -0.00139888 0.00139888
1327.33 -0.00233704 0.00233704
1333.78 -0.00327713 0.00327713
1340.23 -0.00421665 0.00421665
1346.68 -0.00515703 0.00515703
1353.13 -0.00609633 0.00609633
1359.58 -0.0070359 0.0070359
1366.03 -0.00797614 0.00797614
1372.48 -0.0089148 0.0089148
1378.93 -0.00985518 0.00985518
1385.38 -0.0107951 0.0107951
1391.84 -0.0117354 0.0117354
1398.29 -0.0126755 0.0126755
1404.73 -0.0136142 0.0136142
1411.19 -0.0145541 0.0145541
1414.82 -0.015084 0.015084
1301.18 -0.0144914 0.0144914
1189.15 -0.0139071 0.0139071
1077.82 -0.0133265 0.0133265
966.939 -0.0127483 0.0127483
856.35 -0.0121715 0.0121715
745.707 -0.0115945 0.0115945
635.15 -0.011018 0.011018
524.598 -0.0104414 0.0104414
414.302 -0.00986622 0.00986622
303.481 -0.00928828 0.00928828
193.022 -0.00871223 0.00871223
82.5827 -0.00813628 0.00813628
-28.0338 -0.0075594 0.0075594
-138.5 -0.00698331 0.00698331
-248.937 -0.00640737 0.00640737
-359.42 -0.00583119 0.00583119
-469.923 -0.00525491 0.00525491
-580.579 -0.00467782 0.00467782
-690.817 -0.00410292 0.00410292
-801.441 -0.00352601 0.00352601
-912.004 -0.00294942 0.00294942
-1022.4 -0.00237371 0.00237371
-1132.99 -0.00179695 0.00179695
-1243.58 -0.0012202 0.0012202
-1291.99 -0.000427956 0.000427956
-1298.36 0.000511194 -0.000511194
-1304.74 0.00145292 -0.00145292
-1311.1 0.00239216 -0.00239216
-1317.47 0.00333227 -0.00333227
-1323.84 0.00427259 -0.00427259
-1330.21 0.00521222 -0.00521222
-1336.58 0.006152 -0.006152
-1342.95 0.00709276 -0.00709276
-1349.31 0.00803189 -0.00803189
-1355.69 0.00897287 -0.00897287
-1362.05 0.00991175 -0.00991175
-1368.42 0.0108523 -0.0108523
-1374.79 0.0117914 -0.0117914
-1381.16 0.012732 -0.012732
-1387.52 0.0136715 -0.0136715
-1393.89 0.0146113 -0.0146113
-1397.5 0.0151437 -0.0151437
-1248.28 0.0143493 -0.0143493
-1100.91 0.0135646 -0.0135646
-954.448 0.0127848 -0.0127848
-808.578 0.0120082 -0.0120082
-662.975 0.011233 -0.011233
-517.355 0.0104576 -0.0104576
-371.833 0.00968284 -0.00968284
-226.299 0.00890798 -0.00890798
-80.8834 0.00813375 -0.00813375
64.8167 0.007358 -0.007358
210.326 0.00658327 -0.00658327
355.731 0.0058091 -0.0058091
501.274 0.00503419 -0.00503419
646.843 0.00425915 -0.00425915
792.32 0.00348459 -0.00348459
937.84 0.00270981 -0.00270981
1083.34 0.00193511 -0.00193511
1228.91 0.00116005 -0.00116005
1278.01 4.92929e-05 -4.92929e-05
1286.4 -0.00120568 0.00120568
1294.78 -0.00245885 0.00245885
1303.16 -0.00371314 0.00371314
1311.54 -0.00496601 0.00496601
1319.93 -0.00622025 0.00622025
1328.31 -0.00747399 0.00747399
1336.68 -0.00872667 0.00872667
1345.07 -0.00998042 0.00998042
1353.46 -0.0112364 0.0112364
1361.85 -0.01249 0.01249
1370.21 -0.0137409 0.0137409
1378.61 -0.0149975 0.0149975
1386.98 -0.0162498 0.0162498
1395.36 -0.0175029 0.0175029
1403.75 -0.018757 0.018757
1412.13 -0.0200113 0.0200113
1420.52 -0.0212658 0.0212658
1428.89 -0.0225177 0.0225177
1437.27 -0.0237718 0.0237718
1445.4 -0.0249873 0.0249873
1445.4 -0.0249873 0.0249873
1299.77 -0.0241842 0.0241842
1155.23 -0.0233872 0.0233872
1011.76 -0.022596 0.022596
869.026 -0.021809 0.021809
726.202 -0.0210214 0.0210214
583.727 -0.0202358 0.0202358
441.363 -0.0194507 0.0194507
298.887 -0.0186651 0.0186651
156.312 -0.0178789 0.0178789
13.9012 -0.0170936 0.0170936
-128.617 -0.0163077 0.0163077
-270.914 -0.015523 0.015523
-413.419 -0.0147372 0.0147372
-555.728 -0.0139525 0.0139525
-698.236 -0.0131666 0.0131666
-840.796 -0.0123805 0.0123805
-983.184 -0.0115954 0.0115954
-1125.71 -0.0108095 0.0108095
-1175 -0.00969988 0.00969988
-1183.12 -0.00844433 0.00844433
-1191.23 -0.00719046 0.00719046
-1199.35 -0.00593442 0.00593442
-1207.46 -0.00468025 0.00468025
-1215.57 -0.00342622 0.00342622
-1223.68 -0.00217187 0.00217187
-1231.79 -0.000917175 0.000917175
-1239.91 0.000338736 -0.000338736
-1248.03 0.00159339 -0.00159339
-1256.14 0.00284724 -0.00284724
-1264.26 0.00410372 -0.00410372
-1272.37 0.00535722 -0.00535722
-1280.48 0.00661236 -0.00661236
-1288.6 0.00786713 -0.00786713
-1296.69 0.00911934 -0.00911934
-1304.82 0.0103756 -0.0103756
-1312.93 0.0116311 -0.0116311
-1321.04 0.0128841 -0.0128841
-1329.15 0.0141382 -0.0141382
-1337.27 0.015395 -0.015395
-1345.38 0.0166491 -0.0166491
-1353.49 0.0179023 -0.0179023
-1361.61 0.0191579 -0.0191579
-1369.71 0.0204118 -0.0204118
-1377.84 0.0216678 -0.0216678
-1385.95 0.0229226 -0.0229226
-1394.06 0.0241767 -0.0241767
-1400.33 0.0251457 -0.0251457
-1258.94 0.0243277 -0.0243277
-1118.71 0.0235163 -0.0235163
-979.674 0.0227118 -0.0227118
-840.988 0.0219094 -0.0219094
-702.381 0.0211074 -0.0211074
-564.157 0.0203076 -0.0203076
-425.828 0.0195072 -0.0195072
-287.441 0.0187065 -0.0187065
-149.293 0.0179071 -0.0179071
-10.8887 0.0171063 -0.0171063
127.203 0.0163073 -0.0163073
265.661 0.0155062 -0.0155062
403.937 0.0147061 -0.0147061
542.16 0.0139063 -0.0139063
680.331 0.0131069 -0.0131069
818.704 0.0123062 -0.0123062
956.869 0.0115068 -0.0115068
1095.31 0.0107058 -0.0107058
1136.49 0.00956799 -0.00956799
1144.32 0.00831359 -0.00831359
1152.17 0.00705615 -0.00705615
1160 0.00580147 -0.00580147
1167.84 0.00454563 -0.00454563
1175.68 0.00328996 -0.00328996
1183.53 0.00203351 -0.00203351
1191.36 0.000778585 -0.000778585
1199.2 -0.000478091 0.000478091
1207.05 -0.00173408 0.00173408
1214.87 -0.00298824 0.00298824
1222.71 -0.00424418 0.00424418
1230.55 -0.00549983 0.00549983
1238.4 -0.00675656 0.00675656
1246.24 -0.008012 0.008012
1254.07 -0.00926647 0.00926647
1261.91 -0.010523 0.010523
1269.75 -0.0117787 0.0117787
1277.59 -0.0130343 0.0130343
1285.43 -0.0142902 0.0142902
1293.26 -0.0155452 0.0155452
1301.11 -0.0168021 0.0168021
1308.94 -0.0180564 0.0180564
1316.77 -0.0193114 0.0193114
1324.61 -0.020567 0.020567
1332.46 -0.0218246 0.0218246
1340.29 -0.023078 0.023078
1348.13 -0.0243343 0.0243343
1354.19 -0.0253053 0.0253053
1217.69 -0.024476 0.024476
1081.63 -0.0236493 0.0236493
946.63 -0.0228291 0.0228291
812.281 -0.0220128 0.0220128
677.92 -0.0211965 0.0211965
543.753 -0.0203813 0.0203813
409.606 -0.0195662 0.0195662
275.511 -0.0187515 0.0187515
141.473 -0.0179371 0.0179371
7.37246 -0.0171224 0.0171224
-126.699 -0.0163078 0.0163078
-260.843 -0.0154927 0.0154927
-394.837 -0.0146786 0.0146786
-528.932 -0.0138639 0.0138639
-663.075 -0.0130489 0.0130489
-797.195 -0.012234 0.012234
-931.232 -0.0114196 0.0114196
-1065.49 -0.0106039 0.0106039
-1094.26 -0.00942157 0.00942157
-1101.78 -0.00816683 0.00816683
-1109.33 -0.00690846 0.00690846
-1116.86 -0.00565241 0.00565241
-1124.4 -0.00439608 0.00439608
-1131.93 -0.00314041 0.00314041
-1139.48 -0.00188244 0.00188244
-1147.01 -0.000626068 0.000626068
-1154.55 0.000630127 -0.000630127
-1162.09 0.00188729 -0.00188729
-1169.63 0.003145 -0.003145
-1177.16 0.00439989 -0.00439989
-1184.7 0.0056571 -0.0056571
-1192.24 0.00691493 -0.00691493
-1199.78 0.00817137 -0.00817137
-1207.32 0.00942746 -0.00942746
-1214.86 0.0106845 -0.0106845
-1222.4 0.0119418 -0.0119418
-1229.93 0.0131977 -0.0131977
-1237.47 0.0144543 -0.0144543
-1245 0.0157105 -0.0157105
-1252.55 0.0169681 -0.0169681
-1260.08 0.0182242 -0.0182242
-1267.62 0.0194809 -0.0194809
-1275.15 0.0207368 -0.0207368
-1282.7 0.021995 -0.021995
-1290.23 0.0232516 -0.0232516
-1297.77 0.0245079 -0.0245079
-1303.62 0.0254838 -0.0254838
-1171.6 0.0246409 -0.0246409
-1039.83 0.0237997 -0.0237997
-909.051 0.0229648 -0.0229648
-778.796 0.0221333 -0.0221333
-648.785 0.0213033 -0.0213033
-518.66 0.0204726 -0.0204726
-388.854 0.0196439 -0.0196439
-259.08 0.0188155 -0.0188155
-129.114 0.0179858 -0.0179858
0.909267 0.0171557 -0.0171557
130.632 0.0163276 -0.0163276
260.535 0.0154983 -0.0154983
390.539 0.0146683 -0.0146683
520.486 0.0138388 -0.0138388
650.322 0.0130099 -0.0130099
780.306 0.0121801 -0.0121801
910.173 0.011351 -0.011351
1040.02 0.0105221 -0.0105221
1050.37 0.00927525 -0.00927525
1057.61 0.00801571 -0.00801571
1064.82 0.00675994 -0.00675994
1072.05 0.00550186 -0.00550186
1079.28 0.00424369 -0.00424369
1086.51 0.00298601 -0.00298601
1093.73 0.00172797 -0.00172797
1100.95 0.000471236 -0.000471236
1108.19 -0.000787726 0.000787726
1115.42 -0.00204596 0.00204596
1122.64 -0.00330308 0.00330308
1129.86 -0.00456057 0.00456057
1137.09 -0.00581878 0.00581878
1144.31 -0.00707562 0.00707562
1151.55 -0.00833438 0.00833438
1158.77 -0.00959208 0.00959208
1165.99 -0.0108488 0.0108488
1173.23 -0.012108 0.012108
1180.44 -0.0133642 0.0133642
1187.68 -0.0146229 0.0146229
1194.9 -0.0158799 0.0158799
1202.13 -0.0171383 0.0171383
1209.35 -0.0183955 0.0183955
1216.58 -0.0196537 0.0196537
1223.81 -0.0209116 0.0209116
1231.03 -0.0221686 0.0221686
1238.27 -0.023428 0.023428
1245.48 -0.0246839 0.0246839
1252.71 -0.0259424 0.0259424
1259.93 -0.0271989 0.0271989
1267.17 -0.0284582 0.0284582
1274.39 -0.0297156 0.0297156
1281.62 -0.0309733 0.0309733
1288.85 -0.0322317 0.0322317
1296.07 -0.0334888 0.0334888
1299.06 -0.0347615 0.0347615
1292.77 -0.0355281 0.0355281
1166.79 -0.034668 0.034668
1040.74 -0.0338075 0.0338075
915.591 -0.0329531 0.0329531
790.999 -0.0321025 0.0321025
666.447 -0.0312522 0.0312522
542.133 -0.0304035 0.0304035
417.877 -0.0295552 0.0295552
293.432 -0.0287056 0.0287056
168.932 -0.0278557 0.0278557
44.7482 -0.0270078 0.0270078
-79.5892 -0.026159 0.026159
-203.834 -0.0253108 0.0253108
-328.222 -0.0244616 0.0244616
-452.597 -0.0236125 0.0236125
-576.928 -0.0227637 0.0227637
-701.269 -0.0219148 0.0219148
-825.558 -0.0210663 0.0210663
-908.192 -0.020072 0.020072
-914.826 -0.0188121 0.0188121
-921.455 -0.0175531 0.0175531
-928.092 -0.0162926 0.0162926
-934.72 -0.015034 0.015034
-941.353 -0.0137742 0.0137742
-947.993 -0.0125132 0.0125132
-954.631 -0.0112526 0.0112526
-961.26 -0.00999373 0.00999373
-967.898 -0.00873302 0.00873302
-974.526 -0.0074743 0.0074743
-981.161 -0.00621425 0.00621425
-987.797 -0.00495405 0.00495405
-994.425 -0.00369524 0.00369524
-1001.07 -0.002434 0.002434
-1007.7 -0.00117483 0.00117483
-1014.33 8.48641e-05 -8.48641e-05
-1020.97 0.0013455 -0.0013455
-1027.6 0.00260432 -0.00260432
-1034.23 0.00386423 -0.00386423
-1040.87 0.00512488 -0.00512488
-1047.49 0.00638326 -0.00638326
-1054.13 0.00764412 -0.00764412
-1060.77 0.0089041 -0.0089041
-1067.4 0.0101633 -0.0101633
-1074.03 0.0114233 -0.0114233
-1080.66 0.0126825 -0.0126825
-1087.3 0.0139419 -0.0139419
-1093.94 0.0152035 -0.0152035
-1100.57 0.0164624 -0.0164624
-1107.21 0.0177235 -0.0177235
-1113.84 0.0189824 -0.0189824
-1120.47 0.0202419 -0.0202419
-1127.1 0.021502 -0.021502
-1133.74 0.0227619 -0.0227619
-1140.38 0.0240227 -0.0240227
-1147.01 0.025282 -0.025282
-1153.64 0.0265412 -0.0265412
-1160.27 0.0278012 -0.0278012
-1166.9 0.0290606 -0.0290606
-1173.54 0.03032 -0.03032
-1180.17 0.0315796 -0.0315796
-1180.09 0.0328645 -0.0328645
-1171.19 0.0341786 -0.0341786
-1162.31 0.0354908 -0.0354908
-1158.88 0.035997 -0.035997
-1039.76 0.0351157 -0.0351157
-920.152 0.0342308 -0.0342308
-801.759 0.033355 -0.033355
-683.648 0.0324812 -0.0324812
-565.704 0.0316086 -0.0316086
-447.796 0.0307364 -0.0307364
-329.93 0.0298644 -0.0298644
-212.018 0.0289921 -0.0289921
-94.2643 0.028121 -0.028121
23.3857 0.0272506 -0.0272506
141.174 0.0263792 -0.0263792
258.99 0.0255076 -0.0255076
376.916 0.0246352 -0.0246352
494.829 0.0237629 -0.0237629
612.504 0.0228923 -0.0228923
730.282 0.022021 -0.022021
813.598 0.0210279 -0.0210279
819.564 0.0197665 -0.0197665
825.537 0.0185034 -0.0185034
831.506 0.0172413 -0.0172413
837.473 0.0159797 -0.0159797
843.442 0.0147176 -0.0147176
849.412 0.0134552 -0.0134552
855.381 0.0121932 -0.0121932
861.35 0.0109311 -0.0109311
867.317 0.0096694 -0.0096694
873.29 0.00840635 -0.00840635
879.252 0.00714578 -0.00714578
885.23 0.00588171 -0.00588171
891.192 0.00462123 -0.00462123
897.173 0.00335651 -0.00335651
903.14 0.0020949 -0.0020949
909.106 0.000833467 -0.000833467
915.076 -0.000428984 0.000428984
921.044 -0.00169088 0.00169088
927.014 -0.00295315 0.00295315
932.984 -0.00421542 0.00421542
938.947 -0.00547621 0.00547621
944.92 -0.00673926 0.00673926
950.888 -0.00800109 0.00800109
956.855 -0.00926278 0.00926278
962.827 -0.0105254 0.0105254
968.797 -0.0117879 0.0117879
974.761 -0.0130488 0.0130488
980.738 -0.0143127 0.0143127
986.701 -0.0155735 0.0155735
992.672 -0.0168361 0.0168361
998.639 -0.0180977 0.0180977
1004.61 -0.0193598 0.0193598
1010.58 -0.0206219 0.0206219
1016.55 -0.0218838 0.0218838
1022.52 -0.0231467 0.0231467
1028.49 -0.0244092 0.0244092
1034.45 -0.0256706 0.0256706
1040.42 -0.0269324 0.0269324
1046.39 -0.0281949 0.0281949
1052.36 -0.029457 0.029457
1048.81 -0.0307523 0.0307523
1042.07 -0.0320596 0.0320596
1035.33 -0.0333654 0.0333654
1028.58 -0.034673 0.034673
1021.85 -0.0359778 0.0359778
1019.24 -0.0364824 0.0364824
906.853 -0.0355818 0.0355818
793.928 -0.034677 0.034677
681.632 -0.0337773 0.0337773
569.942 -0.0328823 0.0328823
458.23 -0.0319872 0.0319872
346.69 -0.0310935 0.0310935
235.031 -0.0301988 0.0301988
123.642 -0.0293063 0.0293063
12.0448 -0.0284122 0.0284122
-99.4923 -0.0275185 0.0275185
-211.002 -0.026625 0.026625
-322.446 -0.025732 0.025732
-434.012 -0.0248381 0.0248381
-545.522 -0.0239446 0.0239446
-657.056 -0.023051 0.023051
-696.94 -0.0219076 0.0219076
-702.071 -0.0206428 0.0206428
-707.204 -0.0193776 0.0193776
-712.34 -0.0181118 0.0181118
-717.468 -0.0168478 0.0168478
-722.601 -0.0155825 0.0155825
-727.734 -0.0143173 0.0143173
-732.866 -0.0130523 0.0130523
-737.997 -0.0117877 0.0117877
-743.127 -0.010523 0.010523
-748.269 -0.0092556 0.0092556
-753.395 -0.00799204 0.00799204
-758.526 -0.0067273 0.0067273
-763.658 -0.00546238 0.00546238
-768.793 -0.00419666 0.00419666
-773.926 -0.00293145 0.00293145
-779.056 -0.00166694 0.00166694
-784.191 -0.000401211 0.000401211
-789.321 0.000863175 -0.000863175
-794.456 0.00212881 -0.00212881
-799.593 0.00339508 -0.00339508
-804.719 0.00465864 -0.00465864
-809.853 0.00592406 -0.00592406
-814.99 0.00719038 -0.00719038
-820.116 0.00845384 -0.00845384
-825.243 0.0097176 -0.0097176
-830.379 0.0109836 -0.0109836
-835.511 0.0122484 -0.0122484
-840.652 0.0135156 -0.0135156
-845.781 0.0147799 -0.0147799
-850.907 0.0160434 -0.0160434
-856.046 0.0173101 -0.0173101
-861.173 0.0185737 -0.0185737
-866.307 0.0198393 -0.0198393
-871.441 0.0211047 -0.0211047
-876.57 0.0223691 -0.0223691
-881.701 0.0236336 -0.0236336
-886.836 0.0248994 -0.0248994
-891.97 0.026165 -0.026165
-889.81 0.0274556 -0.0274556
-885.736 0.0287518 -0.0287518
-881.656 0.0300496 -0.0300496
-877.582 0.031346 -0.031346
-873.501 0.0326441 -0.0326441
-869.425 0.0339408 -0.0339408
-865.345 0.035239 -0.035239
-861.27 0.0365355 -0.0365355
-859.679 0.0370414 -0.0370414
-753.718 0.0361256 -0.0361256
-646.389 0.035198 -0.035198
-540.006 0.0342786 -0.0342786
-434.069 0.033363 -0.033363
-328.068 0.0324469 -0.0324469
-222.39 0.0315335 -0.0315335
-116.642 0.0306196 -0.0306196
-10.9533 0.0297061 -0.0297061
94.8292 0.0287919 -0.0287919
200.517 0.0278784 -0.0278784
306.246 0.0269646 -0.0269646
411.951 0.0260511 -0.0260511
517.758 0.0251366 -0.0251366
550.528 0.0239678 -0.0239678
554.621 0.0227 -0.0227
558.717 0.0214315 -0.0214315
562.811 0.0201635 -0.0201635
566.909 0.0188941 -0.0188941
571.006 0.0176252 -0.0176252
575.101 0.016357 -0.016357
579.201 0.015087 -0.015087
583.299 0.0138178 -0.0138178
587.386 0.0125519 -0.0125519
591.483 0.011283 -0.011283
595.581 0.0100138 -0.0100138
