0 0 0
0.1 0 0
0.2 0 0
0.3 0 0
0.4 0 0
0.5 0 0
0.6 0 0
0.7 0 0
0.8 0 0
0.9 0 0
1 0 0
0 0 0
0.0712937 -139.058 139.058
5.72596 -11168.5 11168.5
21.2914 -41529 41529
37.0841 -72332.5 72332.5
52.5474 -102494 102494
67.9238 -132485 132485
83.5401 -162945 162945
98.7545 -192621 192621
114.401 -223140 223140
129.896 -253362 253362
145.354 -283513 283513
160.863 -313764 313764
176.38 -344029 344029
191.648 -373809 373809
207.263 -404267 404267
222.628 -434236 434236
238.172 -464555 464555
253.591 -494629 494629
269.158 -524992 524992
284.562 -555038 555038
300.123 -585391 585391
315.626 -615629 615629
331.036 -645685 645685
346.456 -675762 675762
361.971 -706025 706025
377.317 -735958 735958
392.852 -766258 766258
408.36 -796507 796507
423.735 -826495 826495
439.117 -856498 856498
452.722 -883034 883034
437.138 -852638 852638
421.48 -822096 822096
405.965 -791834 791834
390.318 -761315 761315
374.763 -730975 730975
359.204 -700628 700628
343.914 -670804 670804
328.316 -640381 640381
312.852 -610217 610217
297.416 -580110 580110
282.059 -550155 550155
266.493 -519794 519794
251.019 -489613 489613
235.542 -459425 459425
220.091 -429287 429287
204.678 -399225 399225
189.091 -368823 368823
173.653 -338710 338710
158.159 -308490 308490
142.631 -278202 278202
127.178 -248061 248061
111.819 -218103 218103
96.4405 -188107 188107
80.866 -157729 157729
65.4489 -127658 127658
49.8165 -97167.2 97167.2
34.5433 -67376.7 67376.7
18.8782 -36821.9 36821.9
3.46414 -6756.8 6756.8
-11.9774 23361.8 -23361.8
-27.3661 53377.6 -53377.6
-42.7612 83405.8 -83405.8
-58.4063 113922 -113922
-73.7861 143920 -143920
-89.3638 174304 -174304
-104.831 204473 -204473
-120.271 234589 -234589
-135.829 264935 -264935
-151.156 294831 -294831
-166.58 324914 -324914
-182.234 355448 -355448
-197.499 385223 -385223
-212.998 415453 -415453
-228.438 445568 -445568
-243.99 475902 -475902
-259.492 506140 -506140
-274.991 536371 -536371
-290.468 566558 -566558
-305.887 596632 -596632
-321.299 626695 -626695
-336.965 657250 -657250
-352.351 687261 -687261
-367.821 717436 -717436
-383.098 747233 -747233
-398.782 777824 -777824
-414.054 807613 -807613
-429.677 838084 -838084
-445.148 868261 -868261
-452.817 883220 -883220
-436.399 851197 -851197
-420.566 820314 -820314
-404.934 789824 -789824
-389.433 759589 -759589
-373.858 729209 -729209
-358.4 699060 -699060
-342.959 668942 -668942
-327.612 639006 -639006
-312.028 608611 -608611
-296.614 578546 -578546
-280.902 547899 -547899
-265.624 518100 -518100
-250.105 487829 -487829
-234.72 457822 -457822
-219.14 427433 -427433
-203.613 397147 -397147
-188.328 367334 -367334
-172.832 337109 -337109
-157.307 306826 -306826
-141.685 276357 -276357
-126.3 246348 -246348
-110.897 216304 -216304
-95.2931 185869 -185869
-79.9925 156025 -156025
-64.6251 126051 -126051
-49.0719 95714.8 -95714.8
-33.5341 65408.2 -65408.2
-18.1958 35490.9 -35490.9
-2.47429 4826.11 -4826.11
12.9176 -25195.8 25195.8
28.4159 -55425.2 55425.2
43.7781 -85389.2 85389.2
59.4241 -115907 115907
74.7006 -145704 145704
90.2029 -175941 175941
105.782 -206328 206328
121.031 -236070 236070
136.611 -266459 266459
152.147 -296763 296763
167.583 -326871 326871
183.019 -356979 356979
198.516 -387205 387205
213.967 -417342 417342
229.388 -447422 447422
244.836 -477552 477552
260.511 -508127 508127
275.825 -537997 537997
291.278 -568138 568138
306.71 -598239 598239
322.26 -628568 628568
337.631 -658550 658550
353.228 -688971 688971
368.566 -718888 718888
384.114 -749214 749214
399.653 -779523 779523
415.138 -809727 809727
430.588 -839862 839862
445.863 -869657 869657
452.619 -882833 882833
437.245 -852846 852846
421.584 -822301 822301
405.906 -791721 791721
390.343 -761364 761364
374.941 -731322 731322
359.437 -701083 701083
343.986 -670946 670946
328.416 -640576 640576
312.924 -610358 610358
297.601 -580470 580470
282.058 -550154 550154
266.593 -519991 519991
251.195 -489956 489956
235.778 -459884 459884
220.152 -429406 429406
204.746 -399357 399357
189.159 -368955 368955
173.73 -338861 338861
158.423 -309004 309004
142.692 -278321 278321
127.326 -248349 248349
111.859 -218181 218181
96.4807 -188186 188186
80.9038 -157803 157803
65.4868 -127732 127732
49.9668 -97460.2 97460.2
34.4428 -67180.6 67180.6
18.9623 -36985.9 36985.9
3.70963 -7235.64 7235.64
-11.9776 23362.2 -23362.2
-27.3133 53274.6 -53274.6
-42.7947 83471 -83471
-58.2124 113543 -113543
-73.7446 143839 -143839
-89.2977 174175 -174175
-104.697 204211 -204211
-120.081 234217 -234217
-135.616 264518 -264518
-151.144 294807 -294807
-166.615 324982 -324982
-182.1 355187 -355187
-197.57 385360 -385360
-213.163 415775 -415775
-228.384 445463 -445463
-243.879 475686 -475686
-259.494 506143 -506143
-274.8 535997 -535997
-290.38 566386 -566386
-305.86 596579 -596579
-321.287 626671 -626671
-336.754 656838 -656838
-352.024 686622 -686622
-367.956 717699 -717699
-383.263 747554 -747554
-398.497 777269 -777269
-414.047 807600 -807600
-429.418 837581 -837581
-445.174 868311 -868311
-452.748 883085 -883085
-429.258 837267 -837267
-405.61 791142 -791142
-382.237 745554 -745554
-358.931 700094 -700094
-335.858 655091 -655091
-312.519 609568 -609568
-289.187 564059 -564059
-266.016 518864 -518864
-243.035 474039 -474039
-219.734 428591 -428591
-196.41 383099 -383099
-173.19 337807 -337807
-150.026 292625 -292625
-126.768 247262 -247262
-103.774 202411 -202411
-80.3892 156799 -156799
-57.347 111855 -111855
-34.0688 66451.2 -66451.2
-10.7411 20950.5 -20950.5
12.4386 -24261.5 24261.5
35.4732 -69190.5 69190.5
58.7506 -114593 114593
81.9959 -159933 159933
105.27 -205329 205329
128.325 -250297 250297
151.595 -295686 295686
174.72 -340791 340791
197.87 -385945 385945
221.154 -431361 431361
244.429 -476759 476759
267.595 -521944 521944
290.786 -567178 567178
313.943 -612346 612346
337.156 -657622 657622
360.442 -703043 703043
383.639 -748287 748287
406.85 -793561 793561
429.97 -838657 838657
453.252 -884069 884069
476.396 -929210 929210
499.703 -974671 974671
522.703 -1.01953e+06 1.01953e+06
545.982 -1.06494e+06 1.06494e+06
569.214 -1.11025e+06 1.11025e+06
592.427 -1.15553e+06 1.15553e+06
603.531 -1.17719e+06 1.17719e+06
579.667 -1.13064e+06 1.13064e+06
556.211 -1.08489e+06 1.08489e+06
532.757 -1.03914e+06 1.03914e+06
509.445 -993672 993672
486.317 -948561 948561
463.097 -903270 903270
439.848 -857924 857924
416.485 -812353 812353
393.435 -767396 767396
370.09 -721860 721860
347.06 -676940 676940
323.686 -631349 631349
300.403 -585936 585936
277.405 -541078 541078
254.015 -495456 495456
230.81 -450195 450195
207.62 -404963 404963
184.38 -359633 359633
161.214 -314448 314448
138.163 -269488 269488
114.801 -223919 223919
91.5366 -178542 178542
68.2848 -133190 133190
45.3058 -88369 88369
22.1103 -43126.1 43126.1
-1.10848 2162.1 -2162.1
-24.4195 47630.3 -47630.3
-47.4566 92564.2 -92564.2
-70.8131 138121 -138121
-93.9902 183328 -183328
-117.225 228648 -228648
-140.359 273771 -273771
-163.656 319212 -319212
-186.744 364243 -364243
-209.949 409505 -409505
-233.3 455052 -455052
-256.263 499840 -499840
-279.557 545276 -545276
-302.766 590544 -590544
-326.118 636093 -636093
-349.043 680809 -680809
-372.744 727037 -727037
-395.654 771723 -771723
-418.876 817017 -817017
-442.075 862267 -862267
-465.185 907344 -907344
-488.463 952747 -952747
-511.68 998032 -998032
-534.705 1.04294e+06 -1.04294e+06
-558.166 1.0887e+06 -1.0887e+06
-581.197 1.13362e+06 -1.13362e+06
-603.715 1.17755e+06 -1.17755e+06
-603.715 1.17755e+06 -1.17755e+06
-579.766 1.13083e+06 -1.13083e+06
-556.197 1.08486e+06 -1.08486e+06
-533.049 1.03971e+06 -1.03971e+06
-509.401 993586 -993586
-486.176 948286 -948286
-463.162 903397 -903397
-439.752 857737 -857737
-416.68 812734 -812734
-393.425 767376 -767376
-370.152 721981 -721981
-347.003 676829 -676829
-323.825 631620 -631620
-300.429 585987 -585987
-277.29 540854 -540854
-254.151 495721 -495721
-230.916 450402 -450402
-207.744 405204 -405204
-184.539 359943 -359943
-161.35 314712 -314712
-138.205 269569 -269569
-114.988 224283 -224283
-91.6556 178774 -178774
-68.61 133824 -133824
-45.3492 88453.5 -88453.5
-22.0397 42988.4 -42988.4
1.07716 -2101 2101
24.4396 -47669.5 47669.5
47.5354 -92717.9 92717.9
70.7384 -137975 137975
93.9249 -183200 183200
117.031 -228270 228270
140.242 -273543 273543
163.409 -318730 318730
186.6 -363963 363963
210.016 -409636 409636
233.078 -454618 454618
256.257 -499829 499829
279.648 -545453 545453
302.659 -590337 590337
325.906 -635679 635679
349.192 -681099 681099
372.475 -726512 726512
395.539 -771498 771498
418.69 -816654 816654
441.942 -862007 862007
465.191 -907355 907355
488.392 -952608 952608
511.648 -997970 997970
534.697 -1.04293e+06 1.04293e+06
558.006 -1.08839e+06 1.08839e+06
581.121 -1.13348e+06 1.13348e+06
603.603 -1.17733e+06 1.17733e+06
603.603 -1.17733e+06 1.17733e+06
579.725 -1.13075e+06 1.13075e+06
556.231 -1.08493e+06 1.08493e+06
532.923 -1.03947e+06 1.03947e+06
509.566 -993908 993908
486.269 -948467 948467
463.167 -903407 903407
439.96 -858142 858142
416.575 -812530 812530
393.408 -767343 767343
370.248 -722168 722168
347.113 -677045 677045
323.79 -631551 631551
300.647 -586412 586412
277.369 -541009 541009
254.102 -495625 495625
231.105 -450771 450771
207.717 -405152 405152
184.665 -360190 360190
161.306 -314627 314627
138.23 -269617 269617
114.941 -224193 224193
91.7905 -179037 179037
68.5008 -133611 133611
45.3893 -88531.8 88531.8
21.9311 -42776.6 42776.6
-1.00911 1968.28 -1968.28
-24.1299 47065.4 -47065.4
-47.383 92420.6 -92420.6
-70.577 137661 -137661
-93.8745 183102 -183102
-116.985 228179 -228179
-140.14 273343 -273343
-163.468 318845 -318845
-186.677 364114 -364114
-209.89 409390 -409390
-233.088 454637 -454637
-256.273 499861 -499861
-279.471 545108 -545108
-302.614 590249 -590249
-325.913 635693 -635693
-349.048 680818 -680818
-372.315 726200 -726200
-395.446 771318 -771318
-418.682 816640 -816640
-441.94 862005 -862005
-465.147 907268 -907268
-488.263 952358 -952358
-511.602 997880 -997880
-534.639 1.04281e+06 -1.04281e+06
-557.945 1.08827e+06 -1.08827e+06
-581.235 1.1337e+06 -1.1337e+06
-603.542 1.17721e+06 -1.17721e+06
-603.542 1.17721e+06 -1.17721e+06
-564.09 1.10026e+06 -1.10026e+06
-524.854 1.02373e+06 -1.02373e+06
-485.913 947774 -947774
-447.059 871988 -871988
-408.48 796739 -796739
-369.615 720934 -720934
-331.037 645688 -645688
-292.291 570113 -570113
-253.616 494677 -494677
-214.952 419264 -419264
-176.292 343857 -343857
-137.769 268719 -268719
-98.9117 192927 -192927
-60.2532 117524 -117524
-21.5695 42071.4 -42071.4
17.1173 -33387.4 33387.4
55.7378 -108717 108717
94.3388 -184008 184008
133.146 -259702 259702
171.649 -334802 334802
210.405 -410394 410394
249.036 -485744 485744
287.762 -561280 561280
326.407 -636656 636656
365.04 -712011 712011
403.7 -787416 787416
442.505 -863105 863105
481.039 -938267 938267
519.795 -1.01386e+06 1.01386e+06
558.604 -1.08956e+06 1.08956e+06
597.226 -1.16489e+06 1.16489e+06
635.746 -1.24002e+06 1.24002e+06
674.465 -1.31554e+06 1.31554e+06
713.208 -1.39111e+06 1.39111e+06
751.863 -1.46651e+06 1.46651e+06
790.448 -1.54177e+06 1.54177e+06
829.208 -1.61737e+06 1.61737e+06
867.938 -1.69291e+06 1.69291e+06
905.299 -1.76579e+06 1.76579e+06
905.299 -1.76579e+06 1.76579e+06
865.957 -1.68905e+06 1.68905e+06
826.673 -1.61243e+06 1.61243e+06
787.753 -1.53651e+06 1.53651e+06
748.914 -1.46076e+06 1.46076e+06
710.193 -1.38523e+06 1.38523e+06
671.747 -1.31024e+06 1.31024e+06
632.878 -1.23443e+06 1.23443e+06
594.072 -1.15874e+06 1.15874e+06
555.507 -1.08352e+06 1.08352e+06
516.723 -1.00787e+06 1.00787e+06
478.27 -932865 932865
439.433 -857114 857114
400.727 -781617 781617
361.974 -706030 706030
323.383 -630759 630759
284.734 -555375 555375
246.254 -480318 480318
207.304 -404346 404346
168.731 -329110 329110
129.953 -253474 253474
91.1515 -177791 177791
52.6593 -102712 102712
14.0009 -27308.7 27308.7
-24.6864 48150.9 -48150.9
-63.1796 123232 -123232
-102.008 198967 -198967
-140.72 274475 -274475
-179.468 350052 -350052
-218.003 425215 -425215
-256.762 500814 -500814
-295.467 576309 -576309
-334.104 651670 -651670
-372.826 727196 -727196
-411.463 802559 -802559
-450.1 877921 -877921
-488.777 953359 -953359
-527.378 1.02865e+06 -1.02865e+06
-566.113 1.1042e+06 -1.1042e+06
-604.805 1.17967e+06 -1.17967e+06
-643.337 1.25483e+06 -1.25483e+06
-682.193 1.33062e+06 -1.33062e+06
-720.813 1.40595e+06 -1.40595e+06
-759.535 1.48147e+06 -1.48147e+06
-798.216 1.55692e+06 -1.55692e+06
-836.99 1.63255e+06 -1.63255e+06
-875.64 1.70794e+06 -1.70794e+06
-905.551 1.76628e+06 -1.76628e+06
-866.297 1.68971e+06 -1.68971e+06
-826.75 1.61258e+06 -1.61258e+06
-787.84 1.53668e+06 -1.53668e+06
-748.96 1.46085e+06 -1.46085e+06
-710.287 1.38541e+06 -1.38541e+06
-671.559 1.30987e+06 -1.30987e+06
-632.733 1.23415e+06 -1.23415e+06
-594.197 1.15898e+06 -1.15898e+06
-555.378 1.08327e+06 -1.08327e+06
-516.862 1.00814e+06 -1.00814e+06
-478.208 932744 -932744
-439.575 857391 -857391
-400.716 781596 -781596
-362.053 706185 -706185
-323.432 630855 -630855
-284.796 555494 -555494
-246.145 480107 -480107
-207.465 404660 -404660
-168.718 329084 -329084
-130.059 253679 -253679
-91.3723 178222 -178222
-52.8374 103059 -103059
-14.141 27582 -27582
24.6158 -48013.2 48013.2
63.1962 -123264 123264
101.924 -198803 198803
140.555 -274153 274153
179.157 -349445 349445
217.937 -425087 425087
256.623 -500543 500543
295.24 -575865 575865
333.988 -651443 651443
372.515 -726591 726591
411.246 -802135 802135
450.018 -877761 877761
488.778 -953361 953361
527.442 -1.02878e+06 1.02878e+06
566.08 -1.10414e+06 1.10414e+06
604.72 -1.17951e+06 1.17951e+06
643.374 -1.2549e+06 1.2549e+06
681.952 -1.33015e+06 1.33015e+06
720.823 -1.40596e+06 1.40596e+06
759.412 -1.48123e+06 1.48123e+06
798.1 -1.55669e+06 1.55669e+06
836.767 -1.63211e+06 1.63211e+06
875.513 -1.70769e+06 1.70769e+06
905.326 -1.76584e+06 1.76584e+06
866.145 -1.68942e+06 1.68942e+06
826.943 -1.61295e+06 1.61295e+06
787.88 -1.53676e+06 1.53676e+06
749.051 -1.46102e+06 1.46102e+06
710.265 -1.38537e+06 1.38537e+06
671.88 -1.3105e+06 1.3105e+06
633.099 -1.23486e+06 1.23486e+06
594.333 -1.15925e+06 1.15925e+06
555.664 -1.08382e+06 1.08382e+06
516.969 -1.00835e+06 1.00835e+06
478.357 -933036 933036
439.554 -857351 857351
400.889 -781934 781934
362.264 -706595 706595
323.462 -630912 630912
284.914 -555725 555725
246.214 -480240 480240
207.658 -405037 405037
168.729 -329105 329105
130.172 -253901 253901
91.4655 -178403 178403
52.7078 -102807 102807
14.1399 -27579.9 27579.9
-24.49 47767.8 -47767.8
-63.2377 123345 -123345
-101.787 198535 -198535
-140.59 274222 -274222
-179.292 349709 -349709
-217.885 424985 -424985
-256.602 500502 -500502
-295.198 575784 -575784
-333.978 651425 -651425
-372.61 726776 -726776
-411.279 802201 -802201
-449.99 877706 -877706
-488.513 952846 -952846
-527.314 1.02853e+06 -1.02853e+06
-565.968 1.10392e+06 -1.10392e+06
-604.651 1.17937e+06 -1.17937e+06
-643.325 1.2548e+06 -1.2548e+06
-681.952 1.33015e+06 -1.33015e+06
-720.621 1.40557e+06 -1.40557e+06
-759.233 1.48088e+06 -1.48088e+06
-797.915 1.55633e+06 -1.55633e+06
-836.748 1.63208e+06 -1.63208e+06
-875.315 1.7073e+06 -1.7073e+06
-905.506 1.76619e+06 -1.76619e+06
-864.814 1.68682e+06 -1.68682e+06
-825.379 1.6099e+06 -1.6099e+06
-786.392 1.53386e+06 -1.53386e+06
-747.541 1.45808e+06 -1.45808e+06
-708.881 1.38267e+06 -1.38267e+06
-670.098 1.30703e+06 -1.30703e+06
-631.407 1.23156e+06 -1.23156e+06
-592.871 1.1564e+06 -1.1564e+06
-554.162 1.08089e+06 -1.08089e+06
-515.504 1.00549e+06 -1.00549e+06
-476.801 930001 -930001
-438.1 854514 -854514
-399.44 779107 -779107
-360.699 703543 -703543
-322.109 628273 -628273
-283.336 552647 -552647
-244.726 477339 -477339
-206.099 401996 -401996
-167.388 326490 -326490
-128.618 250870 -250870
-89.9542 175456 -175456
-51.3948 100246 -100246
-12.6855 24743.1 -24743.1
25.8618 -50443.4 50443.4
64.6144 -126030 126030
103.237 -201363 201363
142.01 -276991 276991
180.691 -352438 352438
219.282 -427709 427709
257.934 -503099 503099
296.677 -578668 578668
335.324 -654049 654049
373.948 -729386 729386
412.627 -804830 804830
451.379 -880415 880415
490.114 -955966 955966
528.752 -1.03133e+06 1.03133e+06
567.42 -1.10675e+06 1.10675e+06
606.042 -1.18209e+06 1.18209e+06
644.748 -1.25758e+06 1.25758e+06
683.393 -1.33296e+06 1.33296e+06
722.168 -1.40859e+06 1.40859e+06
760.68 -1.48371e+06 1.48371e+06
799.426 -1.55928e+06 1.55928e+06
838.169 -1.63485e+06 1.63485e+06
876.716 -1.71003e+06 1.71003e+06
905.439 -1.76606e+06 1.76606e+06
866.371 -1.68986e+06 1.68986e+06
827.026 -1.61311e+06 1.61311e+06
788.07 -1.53713e+06 1.53713e+06
749.387 -1.46168e+06 1.46168e+06
710.598 -1.38602e+06 1.38602e+06
672.035 -1.3108e+06 1.3108e+06
633.117 -1.2349e+06 1.2349e+06
594.569 -1.15971e+06 1.15971e+06
555.871 -1.08423e+06 1.08423e+06
517.102 -1.00861e+06 1.00861e+06
478.357 -933036 933036
439.773 -857778 857778
401.029 -782208 782208
362.395 -706851 706851
323.547 -631079 631079
284.94 -555775 555775
246.327 -480460 480460
207.618 -404960 404960
169.065 -329761 329761
130.437 -254417 254417
91.7993 -179054 179054
52.8973 -103176 103176
14.2283 -27752.3 27752.3
-24.4072 47606.2 -47606.2
-63.119 123114 -123114
-101.713 198390 -198390
-140.382 273815 -273815
-179.058 349253 -349253
-217.652 424531 -424531
-256.315 499941 -499941
-295.045 575486 -575486
-333.859 651192 -651192
-372.235 726045 -726045
-411.046 801745 -801745
-449.664 877069 -877069
-488.578 952971 -952971
-527.106 1.02812e+06 -1.02812e+06
-565.828 1.10365e+06 -1.10365e+06
-604.401 1.17888e+06 -1.17888e+06
-643.155 1.25447e+06 -1.25447e+06
-681.644 1.32955e+06 -1.32955e+06
-720.538 1.40541e+06 -1.40541e+06
-759.051 1.48053e+06 -1.48053e+06
-797.756 1.55602e+06 -1.55602e+06
-836.508 1.63161e+06 -1.63161e+06
-875.112 1.70691e+06 -1.70691e+06
-905.492 1.76616e+06 -1.76616e+06
-866.593 1.69029e+06 -1.69029e+06
-827.188 1.61343e+06 -1.61343e+06
-788.22 1.53742e+06 -1.53742e+06
-749.229 1.46137e+06 -1.46137e+06
-710.567 1.38596e+06 -1.38596e+06
-672.014 1.31076e+06 -1.31076e+06
-633.174 1.23501e+06 -1.23501e+06
-594.465 1.1595e+06 -1.1595e+06
-555.822 1.08413e+06 -1.08413e+06
-517.133 1.00867e+06 -1.00867e+06
-478.626 933561 -933561
-439.68 857595 -857595
-401.247 782632 -782632
-362.46 706978 -706978
-323.803 631577 -631577
-285.187 556258 -556258
-246.435 480672 -480672
-207.803 405319 -405319
-169.207 330038 -330038
-130.416 254376 -254376
-91.693 178847 -178847
-53.0862 103545 -103545
-14.4713 28226.4 -28226.4
24.2105 -47222.5 47222.5
62.9959 -122873 122873
101.62 -198209 198209
140.219 -273497 273497
178.862 -348870 348870
217.59 -424410 424410
256.268 -499851 499851
295.01 -575417 575417
333.611 -650708 650708
372.348 -726265 726265
410.974 -801605 801605
449.685 -877111 877111
488.382 -952589 952589
527.087 -1.02808e+06 1.02808e+06
565.811 -1.10362e+06 1.10362e+06
604.379 -1.17884e+06 1.17884e+06
643.049 -1.25427e+06 1.25427e+06
681.595 -1.32945e+06 1.32945e+06
720.393 -1.40513e+06 1.40513e+06
759.011 -1.48045e+06 1.48045e+06
797.595 -1.55571e+06 1.55571e+06
836.215 -1.63104e+06 1.63104e+06
875.058 -1.7068e+06 1.7068e+06
905.488 -1.76615e+06 1.76615e+06
866.506 -1.69012e+06 1.69012e+06
827.271 -1.61359e+06 1.61359e+06
788.162 -1.53731e+06 1.53731e+06
749.457 -1.46182e+06 1.46182e+06
710.631 -1.38609e+06 1.38609e+06
672.148 -1.31102e+06 1.31102e+06
633.41 -1.23547e+06 1.23547e+06
594.644 -1.15985e+06 1.15985e+06
555.959 -1.0844e+06 1.0844e+06
517.384 -1.00916e+06 1.00916e+06
478.563 -933437 933437
439.945 -858112 858112
401.286 -782707 782707
362.564 -707181 707181
323.861 -631692 631692
285.216 -556314 556314
246.417 -480636 480636
207.773 -405262 405262
169.114 -329857 329857
130.644 -254822 254822
91.8746 -179201 179201
53.0871 -103546 103546
14.3575 -28004.3 28004.3
-24.2281 47256.9 -47256.9
-62.9121 122710 -122710
-101.537 198048 -198048
-140.293 273642 -273642
-178.906 348957 -348957
-217.469 424173 -424173
-256.214 499746 -499746
-294.914 575230 -575230
-333.544 650577 -650577
-372.283 726138 -726138
-410.851 801365 -801365
-449.566 876879 -876879
-488.473 952766 -952766
-527.161 1.02823e+06 -1.02823e+06
-565.602 1.10321e+06 -1.10321e+06
-604.491 1.17906e+06 -1.17906e+06
-643.103 1.25437e+06 -1.25437e+06
-681.708 1.32967e+06 -1.32967e+06
-720.358 1.40506e+06 -1.40506e+06
-758.937 1.48031e+06 -1.48031e+06
-797.676 1.55587e+06 -1.55587e+06
-836.296 1.6312e+06 -1.6312e+06
-874.882 1.70646e+06 -1.70646e+06
-905.478 1.76613e+06 -1.76613e+06
-843.519 1.64528e+06 -1.64528e+06
-780.566 1.52249e+06 -1.52249e+06
-718.274 1.40099e+06 -1.40099e+06
-656.34 1.28019e+06 -1.28019e+06
-594.23 1.15905e+06 -1.15905e+06
-532.369 1.03839e+06 -1.03839e+06
-470.486 917683 -917683
-408.602 796978 -796978
-346.741 676319 -676319
-284.884 555667 -555667
-222.948 434860 -434860
-161.066 314160 -314160
-99.059 193215 -193215
-37.4024 72953.4 -72953.4
24.3929 -47578.3 47578.3
86.4746 -168669 168669
148.324 -289306 289306
210.123 -409845 409845
272.036 -530606 530606
333.875 -651223 651223
395.849 -772104 772104
457.623 -892594 892594
519.591 -1.01346e+06 1.01346e+06
581.347 -1.13392e+06 1.13392e+06
643.199 -1.25456e+06 1.25456e+06
705.186 -1.37547e+06 1.37547e+06
767.152 -1.49633e+06 1.49633e+06
828.836 -1.61664e+06 1.61664e+06
890.767 -1.73744e+06 1.73744e+06
952.669 -1.85818e+06 1.85818e+06
1014.59 -1.97895e+06 1.97895e+06
1076.35 -2.09942e+06 2.09942e+06
1138.27 -2.22019e+06 2.22019e+06
1200.19 -2.34098e+06 2.34098e+06
1207.31 -2.35485e+06 2.35485e+06
1143.32 -2.23004e+06 2.23004e+06
1080.38 -2.10728e+06 2.10728e+06
1017.95 -1.98552e+06 1.98552e+06
955.985 -1.86465e+06 1.86465e+06
894.077 -1.7439e+06 1.7439e+06
832.85 -1.62447e+06 1.62447e+06
770.062 -1.502e+06 1.502e+06
708.063 -1.38108e+06 1.38108e+06
646.338 -1.26068e+06 1.26068e+06
584.454 -1.13998e+06 1.13998e+06
522.647 -1.01942e+06 1.01942e+06
460.702 -898599 898599
398.786 -777831 777831
336.873 -657071 657071
275.106 -536594 536594
213.178 -415805 415805
151.168 -294854 294854
89.3028 -174185 174185
27.5874 -53809.2 53809.2
-34.4881 67269.1 -67269.1
-96.3423 187916 -187916
-158.067 308311 -308311
-219.793 428707 -428707
-281.872 549791 -549791
-343.77 670524 -670524
-405.645 791210 -791210
-467.351 911568 -911568
-529.363 1.03252e+06 -1.03252e+06
-591.22 1.15317e+06 -1.15317e+06
-653.105 1.27388e+06 -1.27388e+06
-714.984 1.39458e+06 -1.39458e+06
-776.772 1.51509e+06 -1.51509e+06
-838.621 1.63573e+06 -1.63573e+06
-900.706 1.75683e+06 -1.75683e+06
-962.437 1.87723e+06 -1.87723e+06
-1024.36 1.99801e+06 -1.99801e+06
-1086.35 2.11893e+06 -2.11893e+06
-1148.26 2.23968e+06 -2.23968e+06
-1207.47 2.35516e+06 -2.35516e+06
-1207.47 2.35516e+06 -2.35516e+06
-1143.34 2.23009e+06 -2.23009e+06
-1080.5 2.10751e+06 -2.10751e+06
-1018.08 1.98577e+06 -1.98577e+06
-955.933 1.86455e+06 -1.86455e+06
-894.017 1.74378e+06 -1.74378e+06
-832.074 1.62296e+06 -1.62296e+06
-770.234 1.50234e+06 -1.50234e+06
-708.265 1.38147e+06 -1.38147e+06
-646.338 1.26068e+06 -1.26068e+06
-584.499 1.14007e+06 -1.14007e+06
-522.684 1.0195e+06 -1.0195e+06
-460.695 898585 -898585
-398.919 778092 -778092
-337.159 657628 -657628
-275.066 536516 -536516
-213.238 415920 -415920
-151.425 295355 -295355
-89.526 174621 -174621
-27.668 53966.5 -53966.5
34.2279 -66761.4 66761.4
96.1194 -187481 187481
158.033 -308244 308244
219.809 -428738 428738
281.754 -549562 549562
343.515 -670026 670026
405.439 -790809 790809
467.358 -911583 911583
529.199 -1.0322e+06 1.0322e+06
591.103 -1.15295e+06 1.15295e+06
652.924 -1.27353e+06 1.27353e+06
714.764 -1.39415e+06 1.39415e+06
776.701 -1.51496e+06 1.51496e+06
838.66 -1.63581e+06 1.63581e+06
900.505 -1.75644e+06 1.75644e+06
962.391 -1.87714e+06 1.87714e+06
1024.26 -1.99782e+06 1.99782e+06
1086.11 -2.11845e+06 2.11845e+06
1147.91 -2.23899e+06 2.23899e+06
1207.5 -2.35523e+06 2.35523e+06
1207.5 -2.35523e+06 2.35523e+06
1143.59 -2.23058e+06 2.23058e+06
1080.5 -2.10751e+06 2.10751e+06
1018.29 -1.98617e+06 1.98617e+06
956.103 -1.86488e+06 1.86488e+06
894.323 -1.74438e+06 1.74438e+06
832.445 -1.62368e+06 1.62368e+06
770.818 -1.50348e+06 1.50348e+06
708.166 -1.38128e+06 1.38128e+06
646.403 -1.26081e+06 1.26081e+06
584.578 -1.14022e+06 1.14022e+06
522.721 -1.01957e+06 1.01957e+06
460.882 -898950 898950
399.066 -778379 778379
337.166 -657642 657642
275.205 -536788 536788
213.436 -416308 416308
151.49 -295482 295482
89.6152 -174794 174794
27.7926 -54209.5 54209.5
-34.0857 66484.1 -66484.1
-95.795 186848 -186848
-157.805 307798 -307798
-219.866 428849 -428849
-281.678 549413 -549413
-343.528 670052 -670052
-405.376 790686 -790686
-467.293 911455 -911455
-529.131 1.03207e+06 -1.03207e+06
-590.973 1.15269e+06 -1.15269e+06
-652.872 1.27343e+06 -1.27343e+06
-714.786 1.39419e+06 -1.39419e+06
-776.581 1.51472e+06 -1.51472e+06
-838.523 1.63554e+06 -1.63554e+06
-900.371 1.75617e+06 -1.75617e+06
-962.322 1.87701e+06 -1.87701e+06
-1024.02 1.99735e+06 -1.99735e+06
-1085.98 2.1182e+06 -2.1182e+06
-1147.94 2.23906e+06 -2.23906e+06
-1207.45 2.35512e+06 -2.35512e+06
-1207.45 2.35512e+06 -2.35512e+06
-1143.81 2.23101e+06 -2.23101e+06
-1080.67 2.10785e+06 -2.10785e+06
-1018.27 1.98614e+06 -1.98614e+06
-956.181 1.86503e+06 -1.86503e+06
-894.265 1.74426e+06 -1.74426e+06
-832.352 1.6235e+06 -1.6235e+06
-770.351 1.50257e+06 -1.50257e+06
-708.552 1.38203e+06 -1.38203e+06
-646.662 1.26131e+06 -1.26131e+06
-584.813 1.14068e+06 -1.14068e+06
-522.825 1.01977e+06 -1.01977e+06
-460.957 899096 -899096
-399.084 778413 -778413
-337.222 657752 -657752
-275.305 536982 -536982
-213.457 416348 -416348
-151.606 295707 -295707
-89.7832 175122 -175122
-27.7781 54181.2 -54181.2
33.9982 -66313.4 66313.4
95.8234 -186904 186904
157.732 -307657 307657
219.51 -428154 428154
281.454 -548975 548975
343.431 -669861 669861
405.162 -790269 790269
467.087 -911053 911053
528.908 -1.03164e+06 1.03164e+06
590.845 -1.15244e+06 1.15244e+06
652.899 -1.27348e+06 1.27348e+06
714.709 -1.39404e+06 1.39404e+06
776.489 -1.51454e+06 1.51454e+06
838.343 -1.63519e+06 1.63519e+06
900.3 -1.75604e+06 1.75604e+06
962.138 -1.87665e+06 1.87665e+06
1023.94 -1.9972e+06 1.9972e+06
1085.87 -2.11799e+06 2.11799e+06
1147.81 -2.2388e+06 2.2388e+06
1207.29 -2.35483e+06 2.35483e+06
1207.29 -2.35483e+06 2.35483e+06
1143.72 -2.23082e+06 2.23082e+06
1080.76 -2.10801e+06 2.10801e+06
1018.46 -1.9865e+06 1.9865e+06
956.263 -1.86519e+06 1.86519e+06
894.421 -1.74457e+06 1.74457e+06
832.896 -1.62456e+06 1.62456e+06
771.431 -1.50468e+06 1.50468e+06
708.358 -1.38165e+06 1.38165e+06
646.677 -1.26134e+06 1.26134e+06
585.077 -1.14119e+06 1.14119e+06
522.973 -1.02006e+06 1.02006e+06
461.143 -899460 899460
399.305 -778844 778844
337.471 -658238 658238
275.603 -537564 537564
213.608 -416642 416642
151.707 -295904 295904
89.872 -175295 175295
27.9271 -54471.9 54471.9
-33.9014 66124.6 -66124.6
-95.7556 186771 -186771
-157.643 307482 -307482
-219.534 428202 -428202
-281.386 548843 -548843
-343.417 669835 -669835
-405.163 790271 -790271
-467.082 911043 -911043
-528.835 1.03149e+06 -1.03149e+06
-590.726 1.15221e+06 -1.15221e+06
-652.63 1.27295e+06 -1.27295e+06
-714.508 1.39365e+06 -1.39365e+06
-776.436 1.51444e+06 -1.51444e+06
-838.237 1.63498e+06 -1.63498e+06
-900.137 1.75572e+06 -1.75572e+06
-962.19 1.87675e+06 -1.87675e+06
-1023.77 1.99686e+06 -1.99686e+06
-1085.7 2.11766e+06 -2.11766e+06
-1147.57 2.23833e+06 -2.23833e+06
-1207.53 2.35529e+06 -2.35529e+06
-1207.53 2.35529e+06 -2.35529e+06
-1143.93 2.23123e+06 -2.23123e+06
-1080.9 2.1083e+06 -2.1083e+06
-1018.57 1.98672e+06 -1.98672e+06
-956.356 1.86537e+06 -1.86537e+06
-894.457 1.74464e+06 -1.74464e+06
-832.625 1.62404e+06 -1.62404e+06
-770.721 1.50329e+06 -1.50329e+06
-708.866 1.38264e+06 -1.38264e+06
-646.922 1.26182e+06 -1.26182e+06
-585.027 1.1411e+06 -1.1411e+06
-523.172 1.02045e+06 -1.02045e+06
-461.214 899598 -899598
-399.364 778960 -778960
-337.544 658379 -658379
-275.646 537648 -537648
-213.868 417149 -417149
-151.985 296447 -296447
-90.1117 175763 -175763
-28.2313 55065.2 -55065.2
33.6672 -65667.8 65667.8
95.6667 -186598 186598
157.494 -307192 307192
219.402 -427945 427945
281.231 -548542 548542
343.163 -669340 669340
405.008 -789967 789967
466.912 -910712 910712
528.866 -1.03155e+06 1.03155e+06
590.485 -1.15174e+06 1.15174e+06
652.573 -1.27284e+06 1.27284e+06
714.379 -1.3934e+06 1.3934e+06
776.194 -1.51397e+06 1.51397e+06
838.063 -1.63464e+06 1.63464e+06
899.85 -1.75516e+06 1.75516e+06
961.887 -1.87616e+06 1.87616e+06
1023.77 -1.99686e+06 1.99686e+06
1085.65 -2.11756e+06 2.11756e+06
1147.5 -2.23819e+06 2.23819e+06
1207.37 -2.35497e+06 2.35497e+06
1207.37 -2.35497e+06 2.35497e+06
1144.02 -2.23142e+06 2.23142e+06
1080.96 -2.10842e+06 2.10842e+06
1018.62 -1.98681e+06 1.98681e+06
956.699 -1.86604e+06 1.86604e+06
894.687 -1.74509e+06 1.74509e+06
832.882 -1.62454e+06 1.62454e+06
771.603 -1.50501e+06 1.50501e+06
708.655 -1.38223e+06 1.38223e+06
646.874 -1.26173e+06 1.26173e+06
585.222 -1.14148e+06 1.14148e+06
523.253 -1.0206e+06 1.0206e+06
461.442 -900043 900043
399.536 -779294 779294
337.803 -658885 658885
275.82 -537987 537987
213.95 -417309 417309
151.866 -296214 296214
90.1094 -175758 175758
28.208 -55019.8 55019.8
-33.6042 65545 -65545
-95.4992 186271 -186271
-157.332 306876 -306876
-219.25 427646 -427646
-281.088 548262 -548262
-343.207 669425 -669425
-404.885 789728 -789728
-466.779 910452 -910452
-528.538 1.03091e+06 -1.03091e+06
-590.428 1.15163e+06 -1.15163e+06
-652.393 1.27249e+06 -1.27249e+06
-714.163 1.39297e+06 -1.39297e+06
-776.058 1.5137e+06 -1.5137e+06
-838.081 1.63468e+06 -1.63468e+06
-899.879 1.75521e+06 -1.75521e+06
-961.706 1.87581e+06 -1.87581e+06
-1023.54 1.99642e+06 -1.99642e+06
-1085.57 2.11741e+06 -2.11741e+06
-1147.61 2.23842e+06 -2.23842e+06
-1207.42 2.35508e+06 -2.35508e+06
-1207.42 2.35508e+06 -2.35508e+06
-1112.3 2.16955e+06 -2.16955e+06
-1018.38 1.98635e+06 -1.98635e+06
-925.125 1.80446e+06 -1.80446e+06
-831.797 1.62242e+06 -1.62242e+06
-738.834 1.4411e+06 -1.4411e+06
-646.131 1.26028e+06 -1.26028e+06
-553.183 1.07898e+06 -1.07898e+06
-460.373 897958 -897958
-367.572 716950 -716950
-274.805 536008 -536008
-182.047 355082 -355082
-89.1308 173850 -173850
3.75087 -7316.07 7316.07
96.4291 -188085 188085
189.306 -369241 369241
282.23 -550490 550490
374.832 -731111 731111
467.885 -912610 912610
560.358 -1.09298e+06 1.09298e+06
653.435 -1.27453e+06 1.27453e+06
746.183 -1.45543e+06 1.45543e+06
838.945 -1.63636e+06 1.63636e+06
931.67 -1.81722e+06 1.81722e+06
1024.63 -1.99854e+06 1.99854e+06
1117.45 -2.17959e+06 2.17959e+06
1210.32 -2.36073e+06 2.36073e+06
1302.94 -2.54137e+06 2.54137e+06
1395.78 -2.72247e+06 2.72247e+06
1419.62 -2.76898e+06 2.76898e+06
1425 -2.77947e+06 2.77947e+06
1430.37 -2.78994e+06 2.78994e+06
1435.76 -2.80045e+06 2.80045e+06
1438.3 -2.8054e+06 2.8054e+06
1345.91 -2.62519e+06 2.62519e+06
1251.75 -2.44155e+06 2.44155e+06
1158.39 -2.25945e+06 2.25945e+06
1065.64 -2.07852e+06 2.07852e+06
973.396 -1.89861e+06 1.89861e+06
879.876 -1.7162e+06 1.7162e+06
787.301 -1.53563e+06 1.53563e+06
694.699 -1.35501e+06 1.35501e+06
602.126 -1.17445e+06 1.17445e+06
509.547 -993871 993871
417.12 -813592 813592
324.309 -632564 632564
231.685 -451901 451901
139.168 -271446 271446
46.6844 -91058 91058
-46.1642 90043.2 -90043.2
-138.769 270668 -270668
-231.162 450881 -450881
-323.84 631649 -631649
-416.388 812164 -812164
-508.998 992801 -992801
-601.64 1.1735e+06 -1.1735e+06
-694.254 1.35414e+06 -1.35414e+06
-786.985 1.53501e+06 -1.53501e+06
-879.484 1.71543e+06 -1.71543e+06
-972.108 1.8961e+06 -1.8961e+06
-1064.61 2.07652e+06 -2.07652e+06
-1157.28 2.25728e+06 -2.25728e+06
-1249.93 2.43798e+06 -2.43798e+06
-1342.6 2.61874e+06 -2.61874e+06
-1389.42 2.71007e+06 -2.71007e+06
-1394.78 2.72051e+06 -2.72051e+06
-1400.14 2.73097e+06 -2.73097e+06
-1405.49 2.74142e+06 -2.74142e+06
-1410.85 2.75186e+06 -2.75186e+06
-1416.21 2.76232e+06 -2.76232e+06
-1421.56 2.77275e+06 -2.77275e+06
-1426.93 2.78322e+06 -2.78322e+06
-1432.25 2.79361e+06 -2.79361e+06
-1432.25 2.79361e+06 -2.79361e+06
-1340.25 2.61415e+06 -2.61415e+06
-1246.43 2.43116e+06 -2.43116e+06
-1153.57 2.25004e+06 -2.25004e+06
-1061.01 2.06951e+06 -2.06951e+06
-968.779 1.8896e+06 -1.8896e+06
-876.531 1.70967e+06 -1.70967e+06
-784.263 1.5297e+06 -1.5297e+06
-692.087 1.34992e+06 -1.34992e+06
-599.912 1.17013e+06 -1.17013e+06
-507.675 990221 -990221
-415.44 810316 -810316
-323.499 630984 -630984
-231.222 450998 -450998
-139.057 271231 -271231
-46.8774 91434.3 -91434.3
45.381 -88515.6 88515.6
137.687 -268559 268559
229.742 -448112 448112
321.805 -627680 627680
414.077 -807658 807658
506.113 -987172 987172
598.472 -1.16732e+06 1.16732e+06
690.567 -1.34695e+06 1.34695e+06
782.832 -1.52691e+06 1.52691e+06
875.104 -1.70689e+06 1.70689e+06
967.12 -1.88637e+06 1.88637e+06
1059.34 -2.06625e+06 2.06625e+06
1151.66 -2.24632e+06 2.24632e+06
1243.9 -2.42623e+06 2.42623e+06
1335.94 -2.60575e+06 2.60575e+06
1383.52 -2.69855e+06 2.69855e+06
1388.85 -2.70895e+06 2.70895e+06
1394.19 -2.71936e+06 2.71936e+06
1399.51 -2.72975e+06 2.72975e+06
1404.85 -2.74016e+06 2.74016e+06
1410.18 -2.75056e+06 2.75056e+06
1415.52 -2.76097e+06 2.76097e+06
1420.86 -2.77138e+06 2.77138e+06
1426.16 -2.78172e+06 2.78172e+06
1426.16 -2.78172e+06 2.78172e+06
1335.01 -2.60393e+06 2.60393e+06
1241.63 -2.42179e+06 2.42179e+06
1149.21 -2.24154e+06 2.24154e+06
1057.16 -2.062e+06 2.062e+06
965.645 -1.88349e+06 1.88349e+06
873.175 -1.70313e+06 1.70313e+06
781.309 -1.52394e+06 1.52394e+06
689.655 -1.34517e+06 1.34517e+06
597.984 -1.16637e+06 1.16637e+06
506.153 -987252 987252
414.494 -808470 808470
322.705 -629436 629436
230.884 -450339 450339
139.172 -271456 271456
47.4892 -92627.6 92627.6
-44.4774 86753.1 -86753.1
-136.22 265698 -265698
-228.01 444733 -444733
-319.744 623661 -623661
-411.443 802519 -802519
-503.126 981347 -981347
-594.838 1.16023e+06 -1.16023e+06
-686.648 1.33931e+06 -1.33931e+06
-778.417 1.5183e+06 -1.5183e+06
-870.263 1.69745e+06 -1.69745e+06
-961.804 1.876e+06 -1.876e+06
-1053.73 2.0553e+06 -2.0553e+06
-1145.49 2.23428e+06 -2.23428e+06
-1237.37 2.4135e+06 -2.4135e+06
-1329.12 2.59244e+06 -2.59244e+06
-1377.57 2.68694e+06 -2.68694e+06
-1382.87 2.6973e+06 -2.6973e+06
-1388.18 2.70765e+06 -2.70765e+06
-1393.5 2.71803e+06 -2.71803e+06
-1398.82 2.72839e+06 -2.72839e+06
-1404.11 2.73872e+06 -2.73872e+06
-1409.42 2.74908e+06 -2.74908e+06
-1414.74 2.75944e+06 -2.75944e+06
-1420.03 2.76977e+06 -2.76977e+06
-1420.03 2.76977e+06 -2.76977e+06
-1306.77 2.54886e+06 -2.54886e+06
-1190.82 2.32269e+06 -2.32269e+06
-1075.86 2.09847e+06 -2.09847e+06
-961.441 1.87529e+06 -1.87529e+06
-847.119 1.65231e+06 -1.65231e+06
-732.858 1.42944e+06 -1.42944e+06
-618.542 1.20647e+06 -1.20647e+06
-504.426 983883 -983883
-390.137 760962 -760962
-276.096 538526 -538526
-161.759 315512 -315512
-47.6243 92891.2 -92891.2
66.4507 -129612 129612
180.557 -352177 352177
294.763 -574935 574935
408.976 -797708 797708
523.233 -1.02057e+06 1.02057e+06
637.345 -1.24314e+06 1.24314e+06
751.484 -1.46577e+06 1.46577e+06
865.573 -1.6883e+06 1.6883e+06
979.892 -1.91128e+06 1.91128e+06
1094.04 -2.13392e+06 2.13392e+06
1208.22 -2.35664e+06 2.35664e+06
1322.3 -2.57914e+06 2.57914e+06
1372.9 -2.67784e+06 2.67784e+06
1379.51 -2.69074e+06 2.69074e+06
1386.12 -2.70363e+06 2.70363e+06
1392.73 -2.71652e+06 2.71652e+06
1399.33 -2.72938e+06 2.72938e+06
1405.95 -2.7423e+06 2.7423e+06
1412.55 -2.75518e+06 2.75518e+06
1419.16 -2.76808e+06 2.76808e+06
1425.77 -2.78097e+06 2.78097e+06
1432.38 -2.79386e+06 2.79386e+06
1438.99 -2.80674e+06 2.80674e+06
1445.59 -2.81962e+06 2.81962e+06
1448.24 -2.8248e+06 2.8248e+06
1331.44 -2.59698e+06 2.59698e+06
1216.41 -2.37261e+06 2.37261e+06
1102.28 -2.15e+06 2.15e+06
988.676 -1.92841e+06 1.92841e+06
875.534 -1.70773e+06 1.70773e+06
762.025 -1.48633e+06 1.48633e+06
648.721 -1.26533e+06 1.26533e+06
535.562 -1.04461e+06 1.04461e+06
422.488 -824063 824063
309.02 -602744 602744
195.893 -382089 382089
82.5463 -161007 161007
-30.6981 59876.7 -59876.7
-143.869 280617 -280617
-257.066 501408 -501408
-370.243 722159 -722159
-483.402 942876 -942876
-596.731 1.16392e+06 -1.16392e+06
-709.791 1.38445e+06 -1.38445e+06
-823.074 1.6054e+06 -1.6054e+06
-936.325 1.8263e+06 -1.8263e+06
-1049.58 2.04721e+06 -2.04721e+06
-1162.85 2.26814e+06 -2.26814e+06
-1276.17 2.48917e+06 -2.48917e+06
-1323.45 2.58139e+06 -2.58139e+06
-1329.98 2.59413e+06 -2.59413e+06
-1336.51 2.60686e+06 -2.60686e+06
-1343.04 2.6196e+06 -2.6196e+06
-1349.57 2.63234e+06 -2.63234e+06
-1356.1 2.64508e+06 -2.64508e+06
-1362.62 2.6578e+06 -2.6578e+06
-1369.16 2.67054e+06 -2.67054e+06
-1375.69 2.68328e+06 -2.68328e+06
-1382.21 2.69601e+06 -2.69601e+06
-1388.75 2.70876e+06 -2.70876e+06
-1395.27 2.72148e+06 -2.72148e+06
-1401.8 2.7342e+06 -2.7342e+06
-1408.33 2.74695e+06 -2.74695e+06
-1414.86 2.75969e+06 -2.75969e+06
-1421.39 2.77242e+06 -2.77242e+06
-1427.93 2.78517e+06 -2.78517e+06
-1431.59 2.79231e+06 -2.79231e+06
-1316.46 2.56775e+06 -2.56775e+06
-1202.76 2.34598e+06 -2.34598e+06
-1090.13 2.1263e+06 -2.1263e+06
-977.99 1.90757e+06 -1.90757e+06
-865.907 1.68895e+06 -1.68895e+06
-753.997 1.47067e+06 -1.47067e+06
-642.27 1.25275e+06 -1.25275e+06
-530.23 1.03421e+06 -1.03421e+06
-418.339 815970 -815970
-306.431 597693 -597693
-194.602 379571 -379571
-82.8995 161695 -161695
29.0595 -56680.6 56680.6
141 -275021 275021
252.784 -493055 493055
364.715 -711376 711376
476.58 -929570 929570
588.372 -1.14762e+06 1.14762e+06
700.315 -1.36596e+06 1.36596e+06
812.251 -1.5843e+06 1.5843e+06
924.089 -1.80244e+06 1.80244e+06
1036.04 -2.02079e+06 2.02079e+06
1147.88 -2.23894e+06 2.23894e+06
1259.73 -2.45711e+06 2.45711e+06
1307.98 -2.55121e+06 2.55121e+06
1314.42 -2.56378e+06 2.56378e+06
1320.89 -2.57639e+06 2.57639e+06
1327.33 -2.58895e+06 2.58895e+06
1333.78 -2.60153e+06 2.60153e+06
1340.23 -2.61411e+06 2.61411e+06
1346.68 -2.6267e+06 2.6267e+06
1353.13 -2.63928e+06 2.63928e+06
1359.58 -2.65186e+06 2.65186e+06
1366.03 -2.66445e+06 2.66445e+06
1372.48 -2.67701e+06 2.67701e+06
1378.93 -2.68961e+06 2.68961e+06
1385.38 -2.70219e+06 2.70219e+06
1391.84 -2.71478e+06 2.71478e+06
1398.29 -2.72737e+06 2.72737e+06
1404.73 -2.73993e+06 2.73993e+06
1411.19 -2.75252e+06 2.75252e+06
1414.82 -2.75961e+06 2.75961e+06
1301.18 -2.53796e+06 2.53796e+06
1189.15 -2.31943e+06 2.31943e+06
1077.82 -2.10229e+06 2.10229e+06
966.939 -1.88602e+06 1.88602e+06
856.35 -1.67031e+06 1.67031e+06
745.707 -1.4545e+06 1.4545e+06
635.15 -1.23886e+06 1.23886e+06
524.598 -1.02323e+06 1.02323e+06
414.302 -808097 808097
303.481 -591939 591939
193.022 -376490 376490
82.5827 -161078 161078
-28.0338 54680 -54680
-138.5 270145 -270145
-248.937 485551 -485551
-359.42 701049 -701049
-469.923 916585 -916585
-580.579 1.13242e+06 -1.13242e+06
-690.817 1.34744e+06 -1.34744e+06
-801.441 1.56321e+06 -1.56321e+06
-912.004 1.77886e+06 -1.77886e+06
-1022.4 1.99418e+06 -1.99418e+06
-1132.99 2.2099e+06 -2.2099e+06
-1243.58 2.42561e+06 -2.42561e+06
-1291.99 2.52004e+06 -2.52004e+06
-1298.36 2.53245e+06 -2.53245e+06
-1304.74 2.54489e+06 -2.54489e+06
-1311.1 2.5573e+06 -2.5573e+06
-1317.47 2.56973e+06 -2.56973e+06
-1323.84 2.58216e+06 -2.58216e+06
-1330.21 2.59457e+06 -2.59457e+06
-1336.58 2.60699e+06 -2.60699e+06
-1342.95 2.61943e+06 -2.61943e+06
-1349.31 2.63184e+06 -2.63184e+06
-1355.69 2.64427e+06 -2.64427e+06
-1362.05 2.65668e+06 -2.65668e+06
-1368.42 2.66911e+06 -2.66911e+06
-1374.79 2.68152e+06 -2.68152e+06
-1381.16 2.69395e+06 -2.69395e+06
-1387.52 2.70637e+06 -2.70637e+06
-1393.89 2.71879e+06 -2.71879e+06
-1397.5 2.72582e+06 -2.72582e+06
-1248.28 2.43477e+06 -2.43477e+06
-1100.91 2.14732e+06 -2.14732e+06
-954.448 1.86165e+06 -1.86165e+06
-808.578 1.57713e+06 -1.57713e+06
-662.975 1.29313e+06 -1.29313e+06
-517.355 1.0091e+06 -1.0091e+06
-371.833 725260 -725260
-226.299 441397 -441397
-80.8834 157763 -157763
64.8167 -126425 126425
210.326 -410242 410242
355.731 -693853 693853
501.274 -977735 977735
646.843 -1.26167e+06 1.26167e+06
792.32 -1.54542e+06 1.54542e+06
937.84 -1.82926e+06 1.82926e+06
1083.34 -2.11306e+06 2.11306e+06
1228.91 -2.397e+06 2.397e+06
1278.01 -2.49276e+06 2.49276e+06
1286.4 -2.50912e+06 2.50912e+06
1294.78 -2.52547e+06 2.52547e+06
1303.16 -2.54182e+06 2.54182e+06
1311.54 -2.55816e+06 2.55816e+06
1319.93 -2.57452e+06 2.57452e+06
1328.31 -2.59087e+06 2.59087e+06
1336.68 -2.6072e+06 2.6072e+06
1345.07 -2.62355e+06 2.62355e+06
1353.46 -2.63993e+06 2.63993e+06
1361.85 -2.65628e+06 2.65628e+06
1370.21 -2.67259e+06 2.67259e+06
1378.61 -2.68898e+06 2.68898e+06
1386.98 -2.70531e+06 2.70531e+06
1395.36 -2.72165e+06 2.72165e+06
1403.75 -2.73801e+06 2.73801e+06
1412.13 -2.75436e+06 2.75436e+06
1420.52 -2.77072e+06 2.77072e+06
1428.89 -2.78705e+06 2.78705e+06
1437.27 -2.8034e+06 2.8034e+06
1445.4 -2.81925e+06 2.81925e+06
1445.4 -2.81925e+06 2.81925e+06
1299.77 -2.5352e+06 2.5352e+06
1155.23 -2.25328e+06 2.25328e+06
1011.76 -1.97343e+06 1.97343e+06
869.026 -1.69503e+06 1.69503e+06
726.202 -1.41646e+06 1.41646e+06
583.727 -1.13856e+06 1.13856e+06
441.363 -860878 860878
298.887 -582978 582978
156.312 -304886 304886
13.9012 -27114.2 27114.2
-128.617 250868 -250868
-270.914 528418 -528418
-413.419 806374 -806374
-555.728 1.08395e+06 -1.08395e+06
-698.236 1.36191e+06 -1.36191e+06
-840.796 1.63997e+06 -1.63997e+06
-983.184 1.9177e+06 -1.9177e+06
-1125.71 2.19569e+06 -2.19569e+06
-1175 2.29184e+06 -2.29184e+06
-1183.12 2.30768e+06 -2.30768e+06
-1191.23 2.32349e+06 -2.32349e+06
-1199.35 2.33933e+06 -2.33933e+06
-1207.46 2.35515e+06 -2.35515e+06
-1215.57 2.37097e+06 -2.37097e+06
-1223.68 2.38679e+06 -2.38679e+06
-1231.79 2.40261e+06 -2.40261e+06
-1239.91 2.41845e+06 -2.41845e+06
-1248.03 2.43428e+06 -2.43428e+06
-1256.14 2.45009e+06 -2.45009e+06
-1264.26 2.46594e+06 -2.46594e+06
-1272.37 2.48175e+06 -2.48175e+06
-1280.48 2.49758e+06 -2.49758e+06
-1288.6 2.51341e+06 -2.51341e+06
-1296.69 2.5292e+06 -2.5292e+06
-1304.82 2.54504e+06 -2.54504e+06
-1312.93 2.56088e+06 -2.56088e+06
-1321.04 2.57668e+06 -2.57668e+06
-1329.15 2.5925e+06 -2.5925e+06
-1337.27 2.60835e+06 -2.60835e+06
-1345.38 2.62417e+06 -2.62417e+06
-1353.49 2.63998e+06 -2.63998e+06
-1361.61 2.65581e+06 -2.65581e+06
-1369.71 2.67163e+06 -2.67163e+06
-1377.84 2.68747e+06 -2.68747e+06
-1385.95 2.7033e+06 -2.7033e+06
-1394.06 2.71911e+06 -2.71911e+06
-1400.33 2.73133e+06 -2.73133e+06
-1258.94 2.45557e+06 -2.45557e+06
-1118.71 2.18205e+06 -2.18205e+06
-979.674 1.91085e+06 -1.91085e+06
-840.988 1.64035e+06 -1.64035e+06
-702.381 1.36999e+06 -1.36999e+06
-564.157 1.10039e+06 -1.10039e+06
-425.828 830578 -830578
-287.441 560653 -560653
-149.293 291197 -291197
-10.8887 21238.5 -21238.5
127.203 -248109 248109
265.661 -518172 518172
403.937 -787879 787879
542.16 -1.05748e+06 1.05748e+06
680.331 -1.32699e+06 1.32699e+06
818.704 -1.59688e+06 1.59688e+06
956.869 -1.86637e+06 1.86637e+06
1095.31 -2.1364e+06 2.1364e+06
1136.49 -2.21673e+06 2.21673e+06
1144.32 -2.232e+06 2.232e+06
1152.17 -2.24731e+06 2.24731e+06
1160 -2.26259e+06 2.26259e+06
1167.84 -2.27788e+06 2.27788e+06
1175.68 -2.29317e+06 2.29317e+06
1183.53 -2.30847e+06 2.30847e+06
1191.36 -2.32375e+06 2.32375e+06
1199.2 -2.33905e+06 2.33905e+06
1207.05 -2.35434e+06 2.35434e+06
1214.87 -2.36961e+06 2.36961e+06
1222.71 -2.38491e+06 2.38491e+06
1230.55 -2.40019e+06 2.40019e+06
1238.4 -2.4155e+06 2.4155e+06
1246.24 -2.43078e+06 2.43078e+06
1254.07 -2.44606e+06 2.44606e+06
1261.91 -2.46136e+06 2.46136e+06
1269.75 -2.47665e+06 2.47665e+06
1277.59 -2.49194e+06 2.49194e+06
1285.43 -2.50723e+06 2.50723e+06
1293.26 -2.52251e+06 2.52251e+06
1301.11 -2.53781e+06 2.53781e+06
1308.94 -2.55309e+06 2.55309e+06
1316.77 -2.56837e+06 2.56837e+06
1324.61 -2.58365e+06 2.58365e+06
1332.46 -2.59897e+06 2.59897e+06
1340.29 -2.61423e+06 2.61423e+06
1348.13 -2.62953e+06 2.62953e+06
1354.19 -2.64135e+06 2.64135e+06
1217.69 -2.3751e+06 2.3751e+06
1081.63 -2.10973e+06 2.10973e+06
946.63 -1.8464e+06 1.8464e+06
812.281 -1.58435e+06 1.58435e+06
677.92 -1.32228e+06 1.32228e+06
543.753 -1.06059e+06 1.06059e+06
409.606 -798936 798936
275.511 -537384 537384
141.473 -275943 275943
7.37246 -14380 14380
-126.699 247126 -247126
-260.843 508775 -508775
-394.837 770129 -770129
-528.932 1.03168e+06 -1.03168e+06
-663.075 1.29333e+06 -1.29333e+06
-797.195 1.55493e+06 -1.55493e+06
-931.232 1.81637e+06 -1.81637e+06
-1065.49 2.07823e+06 -2.07823e+06
-1094.26 2.13435e+06 -2.13435e+06
-1101.78 2.14903e+06 -2.14903e+06
-1109.33 2.16375e+06 -2.16375e+06
-1116.86 2.17844e+06 -2.17844e+06
-1124.4 2.19314e+06 -2.19314e+06
-1131.93 2.20783e+06 -2.20783e+06
-1139.48 2.22255e+06 -2.22255e+06
-1147.01 2.23725e+06 -2.23725e+06
-1154.55 2.25195e+06 -2.25195e+06
-1162.09 2.26665e+06 -2.26665e+06
-1169.63 2.28137e+06 -2.28137e+06
-1177.16 2.29605e+06 -2.29605e+06
-1184.7 2.31076e+06 -2.31076e+06
-1192.24 2.32547e+06 -2.32547e+06
-1199.78 2.34017e+06 -2.34017e+06
-1207.32 2.35487e+06 -2.35487e+06
-1214.86 2.36958e+06 -2.36958e+06
-1222.4 2.38428e+06 -2.38428e+06
-1229.93 2.39898e+06 -2.39898e+06
-1237.47 2.41368e+06 -2.41368e+06
-1245 2.42838e+06 -2.42838e+06
-1252.55 2.44309e+06 -2.44309e+06
-1260.08 2.45779e+06 -2.45779e+06
-1267.62 2.47249e+06 -2.47249e+06
-1275.15 2.48718e+06 -2.48718e+06
-1282.7 2.5019e+06 -2.5019e+06
-1290.23 2.5166e+06 -2.5166e+06
-1297.77 2.5313e+06 -2.5313e+06
-1303.62 2.54272e+06 -2.54272e+06
-1171.6 2.28521e+06 -2.28521e+06
-1039.83 2.02819e+06 -2.02819e+06
-909.051 1.7731e+06 -1.7731e+06
-778.796 1.51904e+06 -1.51904e+06
-648.785 1.26546e+06 -1.26546e+06
-518.66 1.01165e+06 -1.01165e+06
-388.854 758460 -758460
-259.08 505336 -505336
-129.114 251837 -251837
0.909267 -1773.53 1773.53
130.632 -254798 254798
260.535 -508174 508174
390.539 -761747 761747
520.486 -1.01521e+06 1.01521e+06
650.322 -1.26845e+06 1.26845e+06
780.306 -1.52199e+06 1.52199e+06
910.173 -1.77529e+06 1.77529e+06
1040.02 -2.02856e+06 2.02856e+06
1050.37 -2.04875e+06 2.04875e+06
1057.61 -2.06286e+06 2.06286e+06
1064.82 -2.07694e+06 2.07694e+06
1072.05 -2.09104e+06 2.09104e+06
1079.28 -2.10514e+06 2.10514e+06
1086.51 -2.11923e+06 2.11923e+06
1093.73 -2.13333e+06 2.13333e+06
1100.95 -2.14741e+06 2.14741e+06
1108.19 -2.16152e+06 2.16152e+06
1115.42 -2.17562e+06 2.17562e+06
1122.64 -2.18971e+06 2.18971e+06
1129.86 -2.2038e+06 2.2038e+06
1137.09 -2.2179e+06 2.2179e+06
1144.31 -2.23199e+06 2.23199e+06
1151.55 -2.24609e+06 2.24609e+06
1158.77 -2.26019e+06 2.26019e+06
1165.99 -2.27427e+06 2.27427e+06
1173.23 -2.28838e+06 2.28838e+06
1180.44 -2.30246e+06 2.30246e+06
1187.68 -2.31656e+06 2.31656e+06
1194.9 -2.33065e+06 2.33065e+06
1202.13 -2.34475e+06 2.34475e+06
1209.35 -2.35884e+06 2.35884e+06
1216.58 -2.37294e+06 2.37294e+06
1223.81 -2.38704e+06 2.38704e+06
1231.03 -2.40112e+06 2.40112e+06
1238.27 -2.41524e+06 2.41524e+06
1245.48 -2.42931e+06 2.42931e+06
1252.71 -2.44342e+06 2.44342e+06
1259.93 -2.4575e+06 2.4575e+06
1267.17 -2.47161e+06 2.47161e+06
1274.39 -2.4857e+06 2.4857e+06
1281.62 -2.49979e+06 2.49979e+06
1288.85 -2.5139e+06 2.5139e+06
1296.07 -2.52798e+06 2.52798e+06
1299.06 -2.53382e+06 2.53382e+06
1292.77 -2.52155e+06 2.52155e+06
1166.79 -2.27582e+06 2.27582e+06
1040.74 -2.02996e+06 2.02996e+06
915.591 -1.78586e+06 1.78586e+06
790.999 -1.54284e+06 1.54284e+06
666.447 -1.29991e+06 1.29991e+06
542.133 -1.05743e+06 1.05743e+06
417.877 -815070 815070
293.432 -572339 572339
168.932 -329503 329503
44.7482 -87281.5 87281.5
-79.5892 155239 -155239
-203.834 397578 -397578
-328.222 640197 -640197
-452.597 882790 -882790
-576.928 1.1253e+06 -1.1253e+06
-701.269 1.36783e+06 -1.36783e+06
-825.558 1.61025e+06 -1.61025e+06
-908.192 1.77143e+06 -1.77143e+06
-914.826 1.78437e+06 -1.78437e+06
-921.455 1.7973e+06 -1.7973e+06
-928.092 1.81024e+06 -1.81024e+06
-934.72 1.82317e+06 -1.82317e+06
-941.353 1.83611e+06 -1.83611e+06
-947.993 1.84906e+06 -1.84906e+06
-954.631 1.86201e+06 -1.86201e+06
-961.26 1.87494e+06 -1.87494e+06
-967.898 1.88789e+06 -1.88789e+06
-974.526 1.90081e+06 -1.90081e+06
-981.161 1.91375e+06 -1.91375e+06
-987.797 1.9267e+06 -1.9267e+06
-994.425 1.93963e+06 -1.93963e+06
-1001.07 1.95258e+06 -1.95258e+06
-1007.7 1.96551e+06 -1.96551e+06
-1014.33 1.97845e+06 -1.97845e+06
-1020.97 1.9914e+06 -1.9914e+06
-1027.6 2.00433e+06 -2.00433e+06
-1034.23 2.01727e+06 -2.01727e+06
-1040.87 2.03021e+06 -2.03021e+06
-1047.49 2.04314e+06 -2.04314e+06
-1054.13 2.05609e+06 -2.05609e+06
-1060.77 2.06903e+06 -2.06903e+06
-1067.4 2.08196e+06 -2.08196e+06
-1074.03 2.0949e+06 -2.0949e+06
-1080.66 2.10783e+06 -2.10783e+06
-1087.3 2.12077e+06 -2.12077e+06
-1093.94 2.13373e+06 -2.13373e+06
-1100.57 2.14666e+06 -2.14666e+06
-1107.21 2.15961e+06 -2.15961e+06
-1113.84 2.17254e+06 -2.17254e+06
-1120.47 2.18547e+06 -2.18547e+06
-1127.1 2.19842e+06 -2.19842e+06
-1133.74 2.21135e+06 -2.21135e+06
-1140.38 2.2243e+06 -2.2243e+06
-1147.01 2.23724e+06 -2.23724e+06
-1153.64 2.25017e+06 -2.25017e+06
-1160.27 2.26311e+06 -2.26311e+06
-1166.9 2.27605e+06 -2.27605e+06
-1173.54 2.28898e+06 -2.28898e+06
-1180.17 2.30192e+06 -2.30192e+06
-1180.09 2.30176e+06 -2.30176e+06
-1171.19 2.28441e+06 -2.28441e+06
-1162.31 2.26708e+06 -2.26708e+06
-1158.88 2.2604e+06 -2.2604e+06
-1039.76 2.02806e+06 -2.02806e+06
-920.152 1.79476e+06 -1.79476e+06
-801.759 1.56383e+06 -1.56383e+06
-683.648 1.33346e+06 -1.33346e+06
-565.704 1.10341e+06 -1.10341e+06
-447.796 873426 -873426
-329.93 643529 -643529
-212.018 413542 -413542
-94.2643 183862 -183862
23.3857 -45613.8 45613.8
141.174 -275359 275359
258.99 -505160 505160
376.916 -735174 735174
494.829 -965164 965164
612.504 -1.19469e+06 1.19469e+06
730.282 -1.42441e+06 1.42441e+06
813.598 -1.58692e+06 1.58692e+06
819.564 -1.59856e+06 1.59856e+06
825.537 -1.61021e+06 1.61021e+06
831.506 -1.62185e+06 1.62185e+06
837.473 -1.63349e+06 1.63349e+06
843.442 -1.64513e+06 1.64513e+06
849.412 -1.65678e+06 1.65678e+06
855.381 -1.66842e+06 1.66842e+06
861.35 -1.68006e+06 1.68006e+06
867.317 -1.6917e+06 1.6917e+06
873.29 -1.70335e+06 1.70335e+06
879.252 -1.71498e+06 1.71498e+06
885.23 -1.72664e+06 1.72664e+06
891.192 -1.73827e+06 1.73827e+06
897.173 -1.74994e+06 1.74994e+06
903.14 -1.76157e+06 1.76157e+06
909.106 -1.77321e+06 1.77321e+06
915.076 -1.78486e+06 1.78486e+06
921.044 -1.7965e+06 1.7965e+06
927.014 -1.80814e+06 1.80814e+06
932.984 -1.81979e+06 1.81979e+06
938.947 -1.83142e+06 1.83142e+06
944.92 -1.84307e+06 1.84307e+06
950.888 -1.85471e+06 1.85471e+06
956.855 -1.86635e+06 1.86635e+06
962.827 -1.87799e+06 1.87799e+06
968.797 -1.88964e+06 1.88964e+06
974.761 -1.90127e+06 1.90127e+06
980.738 -1.91293e+06 1.91293e+06
986.701 -1.92456e+06 1.92456e+06
992.672 -1.93621e+06 1.93621e+06
998.639 -1.94785e+06 1.94785e+06
1004.61 -1.95949e+06 1.95949e+06
1010.58 -1.97113e+06 1.97113e+06
1016.55 -1.98277e+06 1.98277e+06
1022.52 -1.99442e+06 1.99442e+06
1028.49 -2.00607e+06 2.00607e+06
1034.45 -2.0177e+06 2.0177e+06
1040.42 -2.02934e+06 2.02934e+06
1046.39 -2.04099e+06 2.04099e+06
1052.36 -2.05263e+06 2.05263e+06
1048.81 -2.04571e+06 2.04571e+06
1042.07 -2.03255e+06 2.03255e+06
1035.33 -2.01941e+06 2.01941e+06
1028.58 -2.00625e+06 2.00625e+06
1021.85 -1.99311e+06 1.99311e+06
1019.24 -1.98803e+06 1.98803e+06
906.853 -1.76882e+06 1.76882e+06
793.928 -1.54856e+06 1.54856e+06
681.632 -1.32952e+06 1.32952e+06
569.942 -1.11167e+06 1.11167e+06
458.23 -893777 893777
346.69 -676218 676218
235.031 -458427 458427
123.642 -241163 241163
12.0448 -23493.5 23493.5
-99.4923 194060 -194060
-211.002 411559 -411559
-322.446 628931 -628931
-434.012 846541 -846541
-545.522 1.06404e+06 -1.06404e+06
-657.056 1.28159e+06 -1.28159e+06
-696.94 1.35938e+06 -1.35938e+06
-702.071 1.36939e+06 -1.36939e+06
-707.204 1.3794e+06 -1.3794e+06
-712.34 1.38942e+06 -1.38942e+06
-717.468 1.39942e+06 -1.39942e+06
-722.601 1.40943e+06 -1.40943e+06
-727.734 1.41944e+06 -1.41944e+06
-732.866 1.42945e+06 -1.42945e+06
-737.997 1.43946e+06 -1.43946e+06
-743.127 1.44947e+06 -1.44947e+06
-748.269 1.4595e+06 -1.4595e+06
-753.395 1.4695e+06 -1.4695e+06
-758.526 1.47951e+06 -1.47951e+06
-763.658 1.48952e+06 -1.48952e+06
-768.793 1.49953e+06 -1.49953e+06
-773.926 1.50954e+06 -1.50954e+06
-779.056 1.51955e+06 -1.51955e+06
-784.191 1.52957e+06 -1.52957e+06
-789.321 1.53957e+06 -1.53957e+06
-794.456 1.54959e+06 -1.54959e+06
-799.593 1.55961e+06 -1.55961e+06
-804.719 1.5696e+06 -1.5696e+06
-809.853 1.57962e+06 -1.57962e+06
-814.99 1.58964e+06 -1.58964e+06
-820.116 1.59964e+06 -1.59964e+06
-825.243 1.60964e+06 -1.60964e+06
-830.379 1.61966e+06 -1.61966e+06
-835.511 1.62966e+06 -1.62966e+06
-840.652 1.63969e+06 -1.63969e+06
-845.781 1.6497e+06 -1.6497e+06
-850.907 1.65969e+06 -1.65969e+06
-856.046 1.66972e+06 -1.66972e+06
-861.173 1.67972e+06 -1.67972e+06
-866.307 1.68973e+06 -1.68973e+06
-871.441 1.69975e+06 -1.69975e+06
-876.57 1.70975e+06 -1.70975e+06
-881.701 1.71976e+06 -1.71976e+06
-886.836 1.72977e+06 -1.72977e+06
-891.97 1.73979e+06 -1.73979e+06
-889.81 1.73558e+06 -1.73558e+06
-885.736 1.72763e+06 -1.72763e+06
-881.656 1.71967e+06 -1.71967e+06
-877.582 1.71172e+06 -1.71172e+06
-873.501 1.70376e+06 -1.70376e+06
-869.425 1.69581e+06 -1.69581e+06
-865.345 1.68785e+06 -1.68785e+06
-861.27 1.67991e+06 -1.67991e+06
-859.679 1.6768e+06 -1.6768e+06
-753.718 1.47013e+06 -1.47013e+06
-646.389 1.26078e+06 -1.26078e+06
-540.006 1.05328e+06 -1.05328e+06
-434.069 846651 -846651
-328.068 639896 -639896
-222.39 433772 -433772
-116.642 227509 -227509
-10.9533 21364.5 -21364.5
94.8292 -184964 184964
200.517 -391109 391109
306.246 -597334 597334
411.951 -803510 803510
517.758 -1.00989e+06 1.00989e+06
550.528 -1.07381e+06 1.07381e+06
554.621 -1.08179e+06 1.08179e+06
558.717 -1.08978e+06 1.08978e+06
562.811 -1.09776e+06 1.09776e+06
566.909 -1.10576e+06 1.10576e+06
571.006 -1.11375e+06 1.11375e+06
575.101 -1.12173e+06 1.12173e+06
579.201 -1.12973e+06 1.12973e+06
583.299 -1.13772e+06 1.13772e+06
587.386 -1.1457e+06 1.1457e+06
591.483 -1.15369e+06 1.15369e+06
595.581 -1.16168e+06 1.16168e+06
