0 0 0
0.1 0 0
0.2 0 0
0.3 0 0
0.4 0 0
0.5 0 0
0.6 0 0
0.7 0 0
0.8 0 0
0.9 0 0
1 0 0
0 0 0
0.0712937 0 0
5.72596 0 0
21.2914 0 0
37.0841 0 0
52.5474 0 0
67.9238 0 0
83.5401 0 0
98.7545 0 0
114.401 0 0
129.896 0 0
145.354 0 0
160.863 0 0
176.38 0 0
191.648 0 0
207.263 0 0
222.628 0 0
238.172 0 0
253.591 0 0
269.158 0 0
284.562 0 0
300.123 0 0
315.626 0 0
331.036 0 0
346.456 0 0
361.971 0 0
377.317 0 0
392.852 0 0
408.36 0 0
423.735 0 0
439.117 0 0
452.722 0 0
437.138 0 0
421.48 0 0
405.965 0 0
390.318 0 0
374.763 0 0
359.204 0 0
343.914 0 0
328.316 0 0
312.852 0 0
297.416 0 0
282.059 0 0
266.493 0 0
251.019 0 0
235.542 0 0
220.091 0 0
204.678 0 0
189.091 0 0
173.653 0 0
158.159 0 0
142.631 0 0
127.178 0 0
111.819 0 0
96.4405 0 0
80.866 0 0
65.4489 0 0
49.8165 0 0
34.5433 0 0
18.8782 0 0
3.46414 0 0
-11.9774 0 0
-27.3661 0 0
-42.7612 0 0
-58.4063 0 0
-73.7861 0 0
-89.3638 0 0
-104.831 0 0
-120.271 0 0
-135.829 0 0
-151.156 0 0
-166.58 0 0
-182.234 0 0
-197.499 0 0
-212.998 0 0
-228.438 0 0
-243.99 0 0
-259.492 0 0
-274.991 0 0
-290.468 0 0
-305.887 0 0
-321.299 0 0
-336.965 0 0
-352.351 0 0
-367.821 0 0
-383.098 0 0
-398.782 0 0
-414.054 0 0
-429.677 0 0
-445.148 0 0
-452.817 0 0
-436.399 0 0
-420.566 0 0
-404.934 0 0
-389.433 0 0
-373.858 0 0
-358.4 0 0
-342.959 0 0
-327.612 0 0
-312.028 0 0
-296.614 0 0
-280.902 0 0
-265.624 0 0
-250.105 0 0
-234.72 0 0
-219.14 0 0
-203.613 0 0
-188.328 0 0
-172.832 0 0
-157.307 0 0
-141.685 0 0
-126.3 0 0
-110.897 0 0
-95.2931 0 0
-79.9925 0 0
-64.6251 0 0
-49.0719 0 0
-33.5341 0 0
-18.1958 0 0
-2.47429 0 0
12.9176 0 0
28.4159 0 0
43.7781 0 0
59.4241 0 0
74.7006 0 0
90.2029 0 0
105.782 0 0
121.031 0 0
136.611 0 0
152.147 0 0
167.583 0 0
183.019 0 0
198.516 0 0
213.967 0 0
229.388 0 0
244.836 0 0
260.511 0 0
275.825 0 0
291.278 0 0
306.71 0 0
322.26 0 0
337.631 0 0
353.228 0 0
368.566 0 0
384.114 0 0
399.653 0 0
415.138 0 0
430.588 0 0
445.863 0 0
452.619 0 0
437.245 0 0
421.584 0 0
405.906 0 0
390.343 0 0
374.941 0 0
359.437 0 0
343.986 0 0
328.416 0 0
312.924 0 0
297.601 0 0
282.058 0 0
266.593 0 0
251.195 0 0
235.778 0 0
220.152 0 0
204.746 0 0
189.159 0 0
173.73 0 0
158.423 0 0
142.692 0 0
127.326 0 0
111.859 0 0
96.4807 0 0
80.9038 0 0
65.4868 0 0
49.9668 0 0
34.4428 0 0
18.9623 0 0
3.70963 0 0
-11.9776 0 0
-27.3133 0 0
-42.7947 0 0
-58.2124 0 0
-73.7446 0 0
-89.2977 0 0
-104.697 0 0
-120.081 0 0
-135.616 0 0
-151.144 0 0
-166.615 0 0
-182.1 0 0
-197.57 0 0
-213.163 0 0
-228.384 0 0
-243.879 0 0
-259.494 0 0
-274.8 0 0
-290.38 0 0
-305.86 0 0
-321.287 0 0
-336.754 0 0
-352.024 0 0
-367.956 0 0
-383.263 0 0
-398.497 0 0
-414.047 0 0
-429.418 0 0
-445.174 0 0
-452.748 0 0
-429.258 0 0
-405.61 0 0
-382.237 0 0
-358.931 0 0
-335.858 0 0
-312.519 0 0
-289.187 0 0
-266.016 0 0
-243.035 0 0
-219.734 0 0
-196.41 0 0
-173.19 0 0
-150.026 0 0
-126.768 0 0
-103.774 0 0
-80.3892 0 0
-57.347 0 0
-34.0688 0 0
-10.7411 0 0
12.4386 0 0
35.4732 0 0
58.7506 0 0
81.9959 0 0
105.27 0 0
128.325 0 0
151.595 0 0
174.72 0 0
197.87 0 0
221.154 0 0
244.429 0 0
267.595 0 0
290.786 0 0
313.943 0 0
337.156 0 0
360.442 0 0
383.639 0 0
406.85 0 0
429.97 0 0
453.252 0 0
476.396 0 0
499.703 0 0
522.703 0 0
545.982 0 0
569.214 0 0
592.427 0 0
603.531 0 0
579.667 0 0
556.211 0 0
532.757 0 0
509.445 0 0
486.317 0 0
463.097 0 0
439.848 0 0
416.485 0 0
393.435 0 0
370.09 0 0
347.06 0 0
323.686 0 0
300.403 0 0
277.405 0 0
254.015 0 0
230.81 0 0
207.62 0 0
184.38 0 0
161.214 0 0
138.163 0 0
114.801 0 0
91.5366 0 0
68.2848 0 0
45.3058 0 0
22.1103 0 0
-1.10848 0 0
-24.4195 0 0
-47.4566 0 0
-70.8131 0 0
-93.9902 0 0
-117.225 0 0
-140.359 0 0
-163.656 0 0
-186.744 0 0
-209.949 0 0
-233.3 0 0
-256.263 0 0
-279.557 0 0
-302.766 0 0
-326.118 0 0
-349.043 0 0
-372.744 0 0
-395.654 0 0
-418.876 0 0
-442.075 0 0
-465.185 0 0
-488.463 0 0
-511.68 0 0
-534.705 0 0
-558.166 0 0
-581.197 0 0
-603.715 0 0
-603.715 0 0
-579.766 0 0
-556.197 0 0
-533.049 0 0
-509.401 0 0
-486.176 0 0
-463.162 0 0
-439.752 0 0
-416.68 0 0
-393.425 0 0
-370.152 0 0
-347.003 0 0
-323.825 0 0
-300.429 0 0
-277.29 0 0
-254.151 0 0
-230.916 0 0
-207.744 0 0
-184.539 0 0
-161.35 0 0
-138.205 0 0
-114.988 0 0
-91.6556 0 0
-68.61 0 0
-45.3492 0 0
-22.0397 0 0
1.07716 0 0
24.4396 0 0
47.5354 0 0
70.7384 0 0
93.9249 0 0
117.031 0 0
140.242 0 0
163.409 0 0
186.6 0 0
210.016 0 0
233.078 0 0
256.257 0 0
279.648 0 0
302.659 0 0
325.906 0 0
349.192 0 0
372.475 0 0
395.539 0 0
418.69 0 0
441.942 0 0
465.191 0 0
488.392 0 0
511.648 0 0
534.697 0 0
558.006 0 0
581.121 0 0
603.603 0 0
603.603 0 0
579.725 0 0
556.231 0 0
532.923 0 0
509.566 0 0
486.269 0 0
463.167 0 0
439.96 0 0
416.575 0 0
393.408 0 0
370.248 0 0
347.113 0 0
323.79 0 0
300.647 0 0
277.369 0 0
254.102 0 0
231.105 0 0
207.717 0 0
184.665 0 0
161.306 0 0
138.23 0 0
114.941 0 0
91.7905 0 0
68.5008 0 0
45.3893 0 0
21.9311 0 0
-1.00911 0 0
-24.1299 0 0
-47.383 0 0
-70.577 0 0
-93.8745 0 0
-116.985 0 0
-140.14 0 0
-163.468 0 0
-186.677 0 0
-209.89 0 0
-233.088 0 0
-256.273 0 0
-279.471 0 0
-302.614 0 0
-325.913 0 0
-349.048 0 0
-372.315 0 0
-395.446 0 0
-418.682 0 0
-441.94 0 0
-465.147 0 0
-488.263 0 0
-511.602 0 0
-534.639 0 0
-557.945 0 0
-581.235 0 0
-603.542 0 0
-603.542 0 0
-564.09 0 0
-524.854 0 0
-485.913 0 0
-447.059 0 0
-408.48 0 0
-369.615 0 0
-331.037 0 0
-292.291 0 0
-253.616 0 0
-214.952 0 0
-176.292 0 0
-137.769 0 0
-98.9117 0 0
-60.2532 0 0
-21.5695 0 0
17.1173 0 0
55.7378 0 0
94.3388 0 0
133.146 0 0
171.649 0 0
210.405 0 0
249.036 0 0
287.762 0 0
326.407 0 0
365.04 0 0
403.7 0 0
442.505 0 0
481.039 0 0
519.795 0 0
558.604 0 0
597.226 0 0
635.746 0 0
674.465 0 0
713.208 0 0
751.863 0 0
790.448 0 0
829.208 0 0
867.938 0 0
905.299 0 0
905.299 0 0
865.957 0 0
826.673 0 0
787.753 0 0
748.914 0 0
710.193 0 0
671.747 0 0
632.878 0 0
594.072 0 0
555.507 0 0
516.723 0 0
478.27 0 0
439.433 0 0
400.727 0 0
361.974 0 0
323.383 0 0
284.734 0 0
246.254 0 0
207.304 0 0
168.731 0 0
129.953 0 0
91.1515 0 0
52.6593 0 0
14.0009 0 0
-24.6864 0 0
-63.1796 0 0
-102.008 0 0
-140.72 0 0
-179.468 0 0
-218.003 0 0
-256.762 0 0
-295.467 0 0
-334.104 0 0
-372.826 0 0
-411.463 0 0
-450.1 0 0
-488.777 0 0
-527.378 0 0
-566.113 0 0
-604.805 0 0
-643.337 0 0
-682.193 0 0
-720.813 0 0
-759.535 0 0
-798.216 0 0
-836.99 0 0
-875.64 0 0
-905.551 0 0
-866.297 0 0
-826.75 0 0
-787.84 0 0
-748.96 0 0
-710.287 0 0
-671.559 0 0
-632.733 0 0
-594.197 0 0
-555.378 0 0
-516.862 0 0
-478.208 0 0
-439.575 0 0
-400.716 0 0
-362.053 0 0
-323.432 0 0
-284.796 0 0
-246.145 0 0
-207.465 0 0
-168.718 0 0
-130.059 0 0
-91.3723 0 0
-52.8374 0 0
-14.141 0 0
24.6158 0 0
63.1962 0 0
101.924 0 0
140.555 0 0
179.157 0 0
217.937 0 0
256.623 0 0
295.24 0 0
333.988 0 0
372.515 0 0
411.246 0 0
450.018 0 0
488.778 0 0
527.442 0 0
566.08 0 0
604.72 0 0
643.374 0 0
681.952 0 0
720.823 0 0
759.412 0 0
798.1 0 0
836.767 0 0
875.513 0 0
905.326 0 0
866.145 0 0
826.943 0 0
787.88 0 0
749.051 0 0
710.265 0 0
671.88 0 0
633.099 0 0
594.333 0 0
555.664 0 0
516.969 0 0
478.357 0 0
439.554 0 0
400.889 0 0
362.264 0 0
323.462 0 0
284.914 0 0
246.214 0 0
207.658 0 0
168.729 0 0
130.172 0 0
91.4655 0 0
52.7078 0 0
14.1399 0 0
-24.49 0 0
-63.2377 0 0
-101.787 0 0
-140.59 0 0
-179.292 0 0
-217.885 0 0
-256.602 0 0
-295.198 0 0
-333.978 0 0
-372.61 0 0
-411.279 0 0
-449.99 0 0
-488.513 0 0
-527.314 0 0
-565.968 0 0
-604.651 0 0
-643.325 0 0
-681.952 0 0
-720.621 0 0
-759.233 0 0
-797.915 0 0
-836.748 0 0
-875.315 0 0
-905.506 0 0
-864.814 0 0
-825.379 0 0
-786.392 0 0
-747.541 0 0
-708.881 0 0
-670.098 0 0
-631.407 0 0
-592.871 0 0
-554.162 0 0
-515.504 0 0
-476.801 0 0
-438.1 0 0
-399.44 0 0
-360.699 0 0
-322.109 0 0
-283.336 0 0
-244.726 0 0
-206.099 0 0
-167.388 0 0
-128.618 0 0
-89.9542 0 0
-51.3948 0 0
-12.6855 0 0
25.8618 0 0
64.6144 0 0
103.237 0 0
142.01 0 0
180.691 0 0
219.282 0 0
257.934 0 0
296.677 0 0
335.324 0 0
373.948 0 0
412.627 0 0
451.379 0 0
490.114 0 0
528.752 0 0
567.42 0 0
606.042 0 0
644.748 0 0
683.393 0 0
722.168 0 0
760.68 0 0
799.426 0 0
838.169 0 0
876.716 0 0
905.439 0 0
866.371 0 0
827.026 0 0
788.07 0 0
749.387 0 0
710.598 0 0
672.035 0 0
633.117 0 0
594.569 0 0
555.871 0 0
517.102 0 0
478.357 0 0
439.773 0 0
401.029 0 0
362.395 0 0
323.547 0 0
284.94 0 0
246.327 0 0
207.618 0 0
169.065 0 0
130.437 0 0
91.7993 0 0
52.8973 0 0
14.2283 0 0
-24.4072 0 0
-63.119 0 0
-101.713 0 0
-140.382 0 0
-179.058 0 0
-217.652 0 0
-256.315 0 0
-295.045 0 0
-333.859 0 0
-372.235 0 0
-411.046 0 0
-449.664 0 0
-488.578 0 0
-527.106 0 0
-565.828 0 0
-604.401 0 0
-643.155 0 0
-681.644 0 0
-720.538 0 0
-759.051 0 0
-797.756 0 0
-836.508 0 0
-875.112 0 0
-905.492 0 0
-866.593 0 0
-827.188 0 0
-788.22 0 0
-749.229 0 0
-710.567 0 0
-672.014 0 0
-633.174 0 0
-594.465 0 0
-555.822 0 0
-517.133 0 0
-478.626 0 0
-439.68 0 0
-401.247 0 0
-362.46 0 0
-323.803 0 0
-285.187 0 0
-246.435 0 0
-207.803 0 0
-169.207 0 0
-130.416 0 0
-91.693 0 0
-53.0862 0 0
-14.4713 0 0
24.2105 0 0
62.9959 0 0
101.62 0 0
140.219 0 0
178.862 0 0
217.59 0 0
256.268 0 0
295.01 0 0
333.611 0 0
372.348 0 0
410.974 0 0
449.685 0 0
488.382 0 0
527.087 0 0
565.811 0 0
604.379 0 0
643.049 0 0
681.595 0 0
720.393 0 0
759.011 0 0
797.595 0 0
836.215 0 0
875.058 0 0
905.488 0 0
866.506 0 0
827.271 0 0
788.162 0 0
749.457 0 0
710.631 0 0
672.148 0 0
633.41 0 0
594.644 0 0
555.959 0 0
517.384 0 0
478.563 0 0
439.945 0 0
401.286 0 0
362.564 0 0
323.861 0 0
285.216 0 0
246.417 0 0
207.773 0 0
169.114 0 0
130.644 0 0
91.8746 0 0
53.0871 0 0
14.3575 0 0
-24.2281 0 0
-62.9121 0 0
-101.537 0 0
-140.293 0 0
-178.906 0 0
-217.469 0 0
-256.214 0 0
-294.914 0 0
-333.544 0 0
-372.283 0 0
-410.851 0 0
-449.566 0 0
-488.473 0 0
-527.161 0 0
-565.602 0 0
-604.491 0 0
-643.103 0 0
-681.708 0 0
-720.358 0 0
-758.937 0 0
-797.676 0 0
-836.296 0 0
-874.882 0 0
-905.478 0 0
-843.519 0 0
-780.566 0 0
-718.274 0 0
-656.34 0 0
-594.23 0 0
-532.369 0 0
-470.486 0 0
-408.602 0 0
-346.741 0 0
-284.884 0 0
-222.948 0 0
-161.066 0 0
-99.059 0 0
-37.4024 0 0
24.3929 0 0
86.4746 0 0
148.324 0 0
210.123 0 0
272.036 0 0
333.875 0 0
395.849 0 0
457.623 0 0
519.591 0 0
581.347 0 0
643.199 0 0
705.186 0 0
767.152 0 0
828.836 0 0
890.767 0 0
952.669 0 0
1014.59 0 0
1076.35 0 0
1138.27 0 0
1200.19 0 0
1207.31 0 0
1143.32 0 0
1080.38 0 0
1017.95 0 0
955.985 0 0
894.077 0 0
832.85 0 0
770.062 0 0
708.063 0 0
646.338 0 0
584.454 0 0
522.647 0 0
460.702 0 0
398.786 0 0
336.873 0 0
275.106 0 0
213.178 0 0
151.168 0 0
89.3028 0 0
27.5874 0 0
-34.4881 0 0
-96.3423 0 0
-158.067 0 0
-219.793 0 0
-281.872 0 0
-343.77 0 0
-405.645 0 0
-467.351 0 0
-529.363 0 0
-591.22 0 0
-653.105 0 0
-714.984 0 0
-776.772 0 0
-838.621 0 0
-900.706 0 0
-962.437 0 0
-1024.36 0 0
-1086.35 0 0
-1148.26 0 0
-1207.47 0 0
-1207.47 0 0
-1143.34 0 0
-1080.5 0 0
-1018.08 0 0
-955.933 0 0
-894.017 0 0
-832.074 0 0
-770.234 0 0
-708.265 0 0
-646.338 0 0
-584.499 0 0
-522.684 0 0
-460.695 0 0
-398.919 0 0
-337.159 0 0
-275.066 0 0
-213.238 0 0
-151.425 0 0
-89.526 0 0
-27.668 0 0
34.2279 0 0
96.1194 0 0
158.033 0 0
219.809 0 0
281.754 0 0
343.515 0 0
405.439 0 0
467.358 0 0
529.199 0 0
591.103 0 0
652.924 0 0
714.764 0 0
776.701 0 0
838.66 0 0
900.505 0 0
962.391 0 0
1024.26 0 0
1086.11 0 0
1147.91 0 0
1207.5 0 0
1207.5 0 0
1143.59 0 0
1080.5 0 0
1018.29 0 0
956.103 0 0
894.323 0 0
832.445 0 0
770.818 0 0
708.166 0 0
646.403 0 0
584.578 0 0
522.721 0 0
460.882 0 0
399.066 0 0
337.166 0 0
275.205 0 0
213.436 0 0
151.49 0 0
89.6152 0 0
27.7926 0 0
-34.0857 0 0
-95.795 0 0
-157.805 0 0
-219.866 0 0
-281.678 0 0
-343.528 0 0
-405.376 0 0
-467.293 0 0
-529.131 0 0
-590.973 0 0
-652.872 0 0
-714.786 0 0
-776.581 0 0
-838.523 0 0
-900.371 0 0
-962.322 0 0
-1024.02 0 0
-1085.98 0 0
-1147.94 0 0
-1207.45 0 0
-1207.45 0 0
-1143.81 0 0
-1080.67 0 0
-1018.27 0 0
-956.181 0 0
-894.265 0 0
-832.352 0 0
-770.351 0 0
-708.552 0 0
-646.662 0 0
-584.813 0 0
-522.825 0 0
-460.957 0 0
-399.084 0 0
-337.222 0 0
-275.305 0 0
-213.457 0 0
-151.606 0 0
-89.7832 0 0
-27.7781 0 0
33.9982 0 0
95.8234 0 0
157.732 0 0
219.51 0 0
281.454 0 0
343.431 0 0
405.162 0 0
467.087 0 0
528.908 0 0
590.845 0 0
652.899 0 0
714.709 0 0
776.489 0 0
838.343 0 0
900.3 0 0
962.138 0 0
1023.94 0 0
1085.87 0 0
1147.81 0 0
1207.29 0 0
1207.29 0 0
1143.72 0 0
1080.76 0 0
1018.46 0 0
956.263 0 0
894.421 0 0
832.896 0 0
771.431 0 0
708.358 0 0
646.677 0 0
585.077 0 0
522.973 0 0
461.143 0 0
399.305 0 0
337.471 0 0
275.603 0 0
213.608 0 0
151.707 0 0
89.872 0 0
27.9271 0 0
-33.9014 0 0
-95.7556 0 0
-157.643 0 0
-219.534 0 0
-281.386 0 0
-343.417 0 0
-405.163 0 0
-467.082 0 0
-528.835 0 0
-590.726 0 0
-652.63 0 0
-714.508 0 0
-776.436 0 0
-838.237 0 0
-900.137 0 0
-962.19 0 0
-1023.77 0 0
-1085.7 0 0
-1147.57 0 0
-1207.53 0 0
-1207.53 0 0
-1143.93 0 0
-1080.9 0 0
-1018.57 0 0
-956.356 0 0
-894.457 0 0
-832.625 0 0
-770.721 0 0
-708.866 0 0
-646.922 0 0
-585.027 0 0
-523.172 0 0
-461.214 0 0
-399.364 0 0
-337.544 0 0
-275.646 0 0
-213.868 0 0
-151.985 0 0
-90.1117 0 0
-28.2313 0 0
33.6672 0 0
95.6667 0 0
157.494 0 0
219.402 0 0
281.231 0 0
343.163 0 0
405.008 0 0
466.912 0 0
528.866 0 0
590.485 0 0
652.573 0 0
714.379 0 0
776.194 0 0
838.063 0 0
899.85 0 0
961.887 0 0
1023.77 0 0
1085.65 0 0
1147.5 0 0
1207.37 0 0
1207.37 0 0
1144.02 0 0
1080.96 0 0
1018.62 0 0
956.699 0 0
894.687 0 0
832.882 0 0
771.603 0 0
708.655 0 0
646.874 0 0
585.222 0 0
523.253 0 0
461.442 0 0
399.536 0 0
337.803 0 0
275.82 0 0
213.95 0 0
151.866 0 0
90.1094 0 0
28.208 0 0
-33.6042 0 0
-95.4992 0 0
-157.332 0 0
-219.25 0 0
-281.088 0 0
-343.207 0 0
-404.885 0 0
-466.779 0 0
-528.538 0 0
-590.428 0 0
-652.393 0 0
-714.163 0 0
-776.058 0 0
-838.081 0 0
-899.879 0 0
-961.706 0 0
-1023.54 0 0
-1085.57 0 0
-1147.61 0 0
-1207.42 0 0
-1207.42 0 0
-1112.3 0 0
-1018.38 0 0
-925.125 0 0
-831.797 0 0
-738.834 0 0
-646.131 0 0
-553.183 0 0
-460.373 0 0
-367.572 0 0
-274.805 0 0
-182.047 0 0
-89.1308 0 0
3.75087 0 0
96.4291 0 0
189.306 0 0
282.23 0 0
374.832 0 0
467.885 0 0
560.358 0 0
653.435 0 0
746.183 0 0
838.945 0 0
931.67 0 0
1024.63 0 0
1117.45 0 0
1210.32 0 0
1302.94 0 0
1395.78 0 0
1419.62 0 0
1425 0 0
1430.37 0 0
1435.76 0 0
1438.3 0 0
1345.86 0 0
1251.66 0 0
1158.25 0 0
1065.45 0 0
973.16 0 0
879.592 0 0
786.97 0 0
694.32 0 0
601.701 0 0
509.074 0 0
416.601 0 0
323.742 0 0
231.071 0 0
138.507 0 0
45.9767 0 0
-46.9191 0 0
-139.571 0 0
-232.011 0 0
-324.736 0 0
-417.331 0 0
-509.989 0 0
-602.678 0 0
-695.338 0 0
-788.116 0 0
-880.663 0 0
-973.334 0 0
-1065.88 0 0
-1158.6 0 0
-1251.29 0 0
-1344.01 0 0
-1390.73 0 0
-1396.09 0 0
-1401.45 0 0
-1406.82 0 0
-1412.17 0 0
-1417.54 0 0
-1422.9 0 0
-1428.27 0 0
-1433.6 0 0
-1433.6 0 0
-1341.45 0 0
-1247.49 0 0
-1154.49 0 0
-1061.79 0 0
-969.417 0 0
-877.029 0 0
-784.619 0 0
-692.302 0 0
-599.985 0 0
-507.608 0 0
-415.231 0 0
-323.149 0 0
-230.731 0 0
-138.425 0 0
-46.1042 0 0
46.2954 0 0
138.743 0 0
230.939 0 0
323.143 0 0
415.557 0 0
507.733 0 0
600.233 0 0
692.47 0 0
784.876 0 0
877.289 0 0
969.446 0 0
1061.81 0 0
1154.27 0 0
1246.65 0 0
1338.83 0 0
1386.16 0 0
1391.5 0 0
1396.85 0 0
1402.19 0 0
1407.53 0 0
1412.87 0 0
1418.22 0 0
1423.57 0 0
1428.88 0 0
1428.88 0 0
1337.5 0 0
1243.88 0 0
1151.23 0 0
1058.94 0 0
967.19 0 0
874.482 0 0
782.382 0 0
690.492 0 0
598.585 0 0
506.519 0 0
414.625 0 0
322.601 0 0
230.544 0 0
138.597 0 0
46.6785 0 0
-45.5239 0 0
-137.502 0 0
-229.527 0 0
-321.497 0 0
-413.431 0 0
-505.349 0 0
-597.297 0 0
-689.342 0 0
-781.346 0 0
-873.428 0 0
-965.204 0 0
-1057.37 0 0
-1149.36 0 0
-1241.48 0 0
-1333.46 0 0
-1381.54 0 0
-1386.87 0 0
-1392.19 0 0
-1397.53 0 0
-1402.86 0 0
-1408.17 0 0
-1413.5 0 0
-1418.83 0 0
-1424.13 0 0
-1424.13 0 0
-1310.47 0 0
-1194.09 0 0
-1078.73 0 0
-963.891 0 0
-849.156 0 0
-734.482 0 0
-619.754 0 0
-505.226 0 0
-390.524 0 0
-276.072 0 0
-161.322 0 0
-46.7744 0 0
67.7125 0 0
182.231 0 0
296.849 0 0
411.474 0 0
526.144 0 0
640.668 0 0
755.219 0 0
869.721 0 0
984.452 0 0
1099.01 0 0
1213.61 0 0
1328.1 0 0
1378.25 0 0
1384.89 0 0
1391.53 0 0
1398.16 0 0
1404.78 0 0
1411.43 0 0
1418.06 0 0
1424.7 0 0
1431.34 0 0
1437.97 0 0
1444.6 0 0
1451.23 0 0
1453.9 0 0
1336.45 0 0
1220.78 0 0
1106.02 0 0
991.786 0 0
878.017 0 0
763.879 0 0
649.947 0 0
536.162 0 0
422.461 0 0
308.365 0 0
194.611 0 0
80.6363 0 0
-33.2354 0 0
-147.034 0 0
-260.858 0 0
-374.661 0 0
-488.448 0 0
-602.404 0 0
-716.09 0 0
-830.001 0 0
-943.88 0 0
-1057.76 0 0
-1171.66 0 0
-1285.61 0 0
-1332.21 0 0
-1338.79 0 0
-1345.37 0 0
-1351.94 0 0
-1358.52 0 0
-1365.09 0 0
-1371.66 0 0
-1378.24 0 0
-1384.81 0 0
-1391.38 0 0
-1397.96 0 0
-1404.53 0 0
-1411.1 0 0
-1417.68 0 0
-1424.26 0 0
-1430.83 0 0
-1437.41 0 0
-1441.1 0 0
-1325 0 0
-1210.35 0 0
-1096.78 0 0
-983.702 0 0
-870.681 0 0
-757.834 0 0
-645.172 0 0
-532.195 0 0
-419.367 0 0
-306.522 0 0
-193.758 0 0
-81.1204 0 0
31.7755 0 0
144.653 0 0
257.372 0 0
370.24 0 0
483.041 0 0
595.768 0 0
708.648 0 0
821.521 0 0
934.295 0 0
1047.18 0 0
1159.96 0 0
1272.75 0 0
1320.45 0 0
1326.96 0 0
1333.48 0 0
1339.99 0 0
1346.5 0 0
1353.02 0 0
1359.53 0 0
1366.05 0 0
1372.56 0 0
1379.08 0 0
1385.58 0 0
1392.1 0 0
1398.62 0 0
1405.14 0 0
1411.65 0 0
1418.16 0 0
1424.67 0 0
1428.35 0 0
1313.43 0 0
1200.13 0 0
1087.54 0 0
975.41 0 0
863.573 0 0
751.681 0 0
639.877 0 0
528.077 0 0
416.537 0 0
304.465 0 0
192.76 0 0
81.0741 0 0
-30.7907 0 0
-142.504 0 0
-254.186 0 0
-365.917 0 0
-477.667 0 0
-589.572 0 0
-701.053 0 0
-812.926 0 0
-924.736 0 0
-1036.37 0 0
-1148.22 0 0
-1260.06 0 0
-1308.28 0 0
-1314.73 0 0
-1321.19 0 0
-1327.64 0 0
-1334.09 0 0
-1340.54 0 0
-1346.99 0 0
-1353.44 0 0
-1359.9 0 0
-1366.35 0 0
-1372.81 0 0
-1379.25 0 0
-1385.71 0 0
-1392.15 0 0
-1398.61 0 0
-1405.06 0 0
-1411.51 0 0
-1415.16 0 0
-1263.81 0 0
-1114.33 0 0
-965.779 0 0
-817.825 0 0
-670.142 0 0
-522.44 0 0
-374.839 0 0
-227.226 0 0
-79.7318 0 0
68.0503 0 0
215.639 0 0
363.121 0 0
510.745 0 0
658.394 0 0
805.95 0 0
953.549 0 0
1101.13 0 0
1248.78 0 0
1298.33 0 0
1306.86 0 0
1315.37 0 0
1323.9 0 0
1332.41 0 0
1340.93 0 0
1349.45 0 0
1357.97 0 0
1366.49 0 0
1375.02 0 0
1383.54 0 0
1392.04 0 0
1400.58 0 0
1409.09 0 0
1417.61 0 0
1426.13 0 0
1434.66 0 0
1443.18 0 0
1451.69 0 0
1460.21 0 0
1468.47 0 0
1468.47 0 0
1319.99 0 0
1172.62 0 0
1026.33 0 0
880.798 0 0
735.175 0 0
589.907 0 0
444.752 0 0
299.483 0 0
154.113 0 0
8.91066 0 0
-136.401 0 0
-281.488 0 0
-426.787 0 0
-571.885 0 0
-717.187 0 0
-862.542 0 0
-1007.72 0 0
-1153.04 0 0
-1203.88 0 0
-1212.21 0 0
-1220.52 0 0
-1228.85 0 0
-1237.17 0 0
-1245.48 0 0
-1253.8 0 0
-1262.12 0 0
-1270.45 0 0
-1278.77 0 0
-1287.08 0 0
-1295.41 0 0
-1303.73 0 0
-1312.05 0 0
-1320.37 0 0
-1328.67 0 0
-1337 0 0
-1345.33 0 0
-1353.64 0 0
-1361.95 0 0
-1370.29 0 0
-1378.6 0 0
-1386.91 0 0
-1395.24 0 0
-1403.55 0 0
-1411.88 0 0
-1420.2 0 0
-1428.52 0 0
-1434.94 0 0
-1289.71 0 0
-1145.66 0 0
-1002.84 0 0
-860.373 0 0
-717.991 0 0
-576.001 0 0
-433.906 0 0
-291.749 0 0
-149.839 0 0
-7.66526 0 0
134.187 0 0
276.417 0 0
418.458 0 0
560.446 0 0
702.38 0 0
844.522 0 0
986.45 0 0
1128.66 0 0
1176.1 0 0
1184.21 0 0
1192.34 0 0
1200.46 0 0
1208.58 0 0
1216.7 0 0
1224.83 0 0
1232.94 0 0
1241.07 0 0
1249.19 0 0
1257.31 0 0
1265.43 0 0
1273.55 0 0
1281.68 0 0
1289.8 0 0
1297.91 0 0
1306.04 0 0
1314.16 0 0
1322.28 0 0
1330.4 0 0
1338.52 0 0
1346.65 0 0
1354.76 0 0
1362.88 0 0
1371 0 0
1379.13 0 0
1387.24 0 0
1395.37 0 0
1401.65 0 0
1260.32 0 0
1119.46 0 0
979.686 0 0
840.59 0 0
701.481 0 0
562.574 0 0
423.687 0 0
284.855 0 0
146.081 0 0
7.24236 0 0
-131.566 0 0
-270.45 0 0
-409.178 0 0
-548.011 0 0
-686.893 0 0
-825.752 0 0
-964.525 0 0
-1103.52 0 0
-1145.75 0 0
-1153.64 0 0
-1161.55 0 0
-1169.46 0 0
-1177.36 0 0
-1185.26 0 0
-1193.17 0 0
-1201.07 0 0
-1208.97 0 0
-1216.88 0 0
-1224.79 0 0
-1232.68 0 0
-1240.59 0 0
-1248.5 0 0
-1256.41 0 0
-1264.31 0 0
-1272.21 0 0
-1280.12 0 0
-1288.02 0 0
-1295.93 0 0
-1303.83 0 0
-1311.74 0 0
-1319.64 0 0
-1327.54 0 0
-1335.44 0 0
-1343.36 0 0
-1351.26 0 0
-1359.16 0 0
-1365.3 0 0
-1227.49 0 0
-1089.94 0 0
-953.416 0 0
-817.446 0 0
-681.731 0 0
-545.897 0 0
-410.396 0 0
-274.929 0 0
-139.261 0 0
-3.53241 0 0
131.882 0 0
267.484 0 0
403.192 0 0
538.84 0 0
674.372 0 0
810.06 0 0
945.624 0 0
1081.17 0 0
1115.26 0 0
1122.96 0 0
1130.64 0 0
1138.33 0 0
1146.02 0 0
1153.7 0 0
1161.39 0 0
1169.08 0 0
1176.77 0 0
1184.46 0 0
1192.14 0 0
1199.83 0 0
1207.52 0 0
1215.2 0 0
1222.9 0 0
1230.58 0 0
1238.26 0 0
1245.96 0 0
1253.64 0 0
1261.33 0 0
1269.01 0 0
1276.71 0 0
1284.39 0 0
1292.08 0 0
1299.77 0 0
1307.45 0 0
1315.15 0 0
1322.82 0 0
1330.52 0 0
1338.2 0 0
1345.89 0 0
1353.58 0 0
1361.27 0 0
1368.96 0 0
1376.64 0 0
1384.33 0 0
1388.79 0 0
1255.72 0 0
1122.57 0 0
990.382 0 0
858.778 0 0
727.216 0 0
595.905 0 0
464.656 0 0
333.206 0 0
201.7 0 0
70.5263 0 0
-60.8092 0 0
-192.047 0 0
-323.436 0 0
-454.81 0 0
-586.14 0 0
-717.479 0 0
-848.763 0 0
-980.077 0 0
-1002.88 0 0
-1010.17 0 0
-1017.47 0 0
-1024.76 0 0
-1032.05 0 0
-1039.35 0 0
-1046.65 0 0
-1053.93 0 0
-1061.23 0 0
-1068.52 0 0
-1075.81 0 0
-1083.11 0 0
-1090.4 0 0
-1097.7 0 0
-1104.99 0 0
-1112.28 0 0
-1119.58 0 0
-1126.86 0 0
-1134.16 0 0
-1141.46 0 0
-1148.74 0 0
-1156.04 0 0
-1163.33 0 0
-1170.62 0 0
-1177.92 0 0
-1185.21 0 0
-1192.5 0 0
-1199.8 0 0
-1207.09 0 0
-1214.39 0 0
-1221.68 0 0
-1228.97 0 0
-1236.26 0 0
-1243.56 0 0
-1250.86 0 0
-1258.15 0 0
-1265.44 0 0
-1272.73 0 0
-1280.02 0 0
-1287.31 0 0
-1294.6 0 0
-1301.91 0 0
-1309.2 0 0
-1312.62 0 0
-1308.35 0 0
-1180.71 0 0
-1052.52 0 0
-925.651 0 0
-799.08 0 0
-672.688 0 0
-546.334 0 0
-420.025 0 0
-293.667 0 0
-167.479 0 0
-41.4015 0 0
84.8234 0 0
211.079 0 0
337.452 0 0
463.811 0 0
589.915 0 0
716.129 0 0
842.479 0 0
941.858 0 0
948.75 0 0
955.637 0 0
962.522 0 0
969.409 0 0
976.298 0 0
983.184 0 0
990.071 0 0
996.956 0 0
1003.85 0 0
1010.73 0 0
1017.63 0 0
1024.5 0 0
1031.41 0 0
1038.29 0 0
1045.17 0 0
1052.06 0 0
1058.95 0 0
1065.84 0 0
1072.72 0 0
1079.6 0 0
1086.5 0 0
1093.38 0 0
1100.27 0 0
1107.16 0 0
1114.05 0 0
1120.93 0 0
1127.82 0 0
1134.7 0 0
1141.59 0 0
1148.48 0 0
1155.37 0 0
1162.25 0 0
1169.14 0 0
1176.03 0 0
1182.92 0 0
1189.8 0 0
1196.69 0 0
1203.58 0 0
1210.47 0 0
1217.35 0 0
1224.24 0 0
1231.13 0 0
1228.57 0 0
1218.86 0 0
1215.1 0 0
1092.96 0 0
970.228 0 0
848.184 0 0
726.797 0 0
605.386 0 0
484.163 0 0
362.81 0 0
241.751 0 0
120.466 0 0
-0.754476 0 0
-121.945 0 0
-243.064 0 0
-364.316 0 0
-485.506 0 0
-606.723 0 0
-727.889 0 0
-849.062 0 0
-878.17 0 0
-884.582 0 0
-890.984 0 0
-897.394 0 0
-903.803 0 0
-910.211 0 0
-916.618 0 0
-923.024 0 0
-929.444 0 0
-935.845 0 0
-942.252 0 0
-948.659 0 0
-955.071 0 0
-961.48 0 0
-967.886 0 0
-974.297 0 0
-980.702 0 0
-987.114 0 0
-993.528 0 0
-999.929 0 0
-1006.34 0 0
-1012.75 0 0
-1019.15 0 0
-1025.56 0 0
-1031.97 0 0
-1038.38 0 0
-1044.8 0 0
-1051.2 0 0
-1057.6 0 0
-1064.02 0 0
-1070.42 0 0
-1076.83 0 0
-1083.24 0 0
-1089.64 0 0
-1096.05 0 0
-1102.46 0 0
-1108.87 0 0
-1115.28 0 0
-1121.69 0 0
-1128.1 0 0
-1134.5 0 0
-1137.89 0 0
-1129.73 0 0
-1121.56 0 0
-1113.41 0 0
-1110.22 0 0
-993.732 0 0
-875.737 0 0
-758.781 0 0
-642.316 0 0
-525.78 0 0
-409.601 0 0
-293.342 0 0
-177.151 0 0
-60.8553 0 0
55.336 0 0
171.573 0 0
287.782 0 0
404.105 0 0
520.362 0 0
636.509 0 0
752.729 0 0
802.869 0 0
808.761 0 0
814.651 0 0
820.537 0 0
826.432 0 0
832.323 0 0
838.199 0 0
844.089 0 0
849.98 0 0
