0 0 0
0.1 0 0
0.2 0 0
0.3 0 0
0.4 0 0
0.5 0 0
0.6 0 0
0.7 0 0
0.8 0 0
0.9 0 0
1 0 0
0 0 0
0.0712937 -139.058 139.058
5.72596 -11168.5 11168.5
21.2914 -41529 41529
37.0841 -72332.5 72332.5
52.5474 -102494 102494
67.9238 -132485 132485
83.5401 -162945 162945
98.7545 -192621 192621
114.401 -223140 223140
129.896 -253362 253362
145.354 -283513 283513
160.863 -313764 313764
176.38 -344029 344029
191.648 -373809 373809
207.263 -404267 404267
222.628 -434236 434236
238.172 -464555 464555
253.591 -494629 494629
269.158 -524992 524992
284.562 -555038 555038
300.123 -585391 585391
315.626 -615629 615629
331.036 -645685 645685
346.456 -675762 675762
361.971 -706025 706025
377.317 -735958 735958
392.852 -766258 766258
408.36 -796507 796507
423.735 -826495 826495
439.117 -856498 856498
452.722 -883034 883034
437.138 -852638 852638
421.48 -822096 822096
405.965 -791834 791834
390.318 -761315 761315
374.763 -730975 730975
359.204 -700628 700628
343.914 -670804 670804
328.316 -640381 640381
312.852 -610217 610217
297.416 -580110 580110
282.059 -550155 550155
266.493 -519794 519794
251.019 -489613 489613
235.542 -459425 459425
220.091 -429287 429287
204.678 -399225 399225
189.091 -368823 368823
173.653 -338710 338710
158.159 -308490 308490
142.631 -278202 278202
127.178 -248061 248061
111.819 -218103 218103
96.4405 -188107 188107
80.866 -157729 157729
65.4489 -127658 127658
49.8165 -97167.2 97167.2
34.5433 -67376.7 67376.7
18.8782 -36821.9 36821.9
3.46414 -6756.8 6756.8
-11.9774 23361.8 -23361.8
-27.3661 53377.6 -53377.6
-42.7612 83405.8 -83405.8
-58.4063 113922 -113922
-73.7861 143920 -143920
-89.3638 174304 -174304
-104.831 204473 -204473
-120.271 234589 -234589
-135.829 264935 -264935
-151.156 294831 -294831
-166.58 324914 -324914
-182.234 355448 -355448
-197.499 385223 -385223
-212.998 415453 -415453
-228.438 445568 -445568
-243.99 475902 -475902
-259.492 506140 -506140
-274.991 536371 -536371
-290.468 566558 -566558
-305.887 596632 -596632
-321.299 626695 -626695
-336.965 657250 -657250
-352.351 687261 -687261
-367.821 717436 -717436
-383.098 747233 -747233
-398.782 777824 -777824
-414.054 807613 -807613
-429.677 838084 -838084
-445.148 868261 -868261
-452.817 883220 -883220
-436.399 851197 -851197
-420.566 820314 -820314
-404.934 789824 -789824
-389.433 759589 -759589
-373.858 729209 -729209
-358.4 699060 -699060
-342.959 668942 -668942
-327.612 639006 -639006
-312.028 608611 -608611
-296.614 578546 -578546
-280.902 547899 -547899
-265.624 518100 -518100
-250.105 487829 -487829
-234.72 457822 -457822
-219.14 427433 -427433
-203.613 397147 -397147
-188.328 367334 -367334
-172.832 337109 -337109
-157.307 306826 -306826
-141.685 276357 -276357
-126.3 246348 -246348
-110.897 216304 -216304
-95.2931 185869 -185869
-79.9925 156025 -156025
-64.6251 126051 -126051
-49.0719 95714.8 -95714.8
-33.5341 65408.2 -65408.2
-18.1958 35490.9 -35490.9
-2.47429 4826.11 -4826.11
12.9176 -25195.8 25195.8
28.4159 -55425.2 55425.2
43.7781 -85389.2 85389.2
59.4241 -115907 115907
74.7006 -145704 145704
90.2029 -175941 175941
105.782 -206328 206328
121.031 -236070 236070
136.611 -266459 266459
152.147 -296763 296763
167.583 -326871 326871
183.019 -356979 356979
198.516 -387205 387205
213.967 -417342 417342
229.388 -447422 447422
244.836 -477552 477552
260.511 -508127 508127
275.825 -537997 537997
291.278 -568138 568138
306.71 -598239 598239
322.26 -628568 628568
337.631 -658550 658550
353.228 -688971 688971
368.566 -718888 718888
384.114 -749214 749214
399.653 -779523 779523
415.138 -809727 809727
430.588 -839862 839862
445.863 -869657 869657
452.619 -882833 882833
437.245 -852846 852846
421.584 -822301 822301
405.906 -791721 791721
390.343 -761364 761364
374.941 -731322 731322
359.437 -701083 701083
343.986 -670946 670946
328.416 -640576 640576
312.924 -610358 610358
297.601 -580470 580470
282.058 -550154 550154
266.593 -519991 519991
251.195 -489956 489956
235.778 -459884 459884
220.152 -429406 429406
204.746 -399357 399357
189.159 -368955 368955
173.73 -338861 338861
158.423 -309004 309004
142.692 -278321 278321
127.326 -248349 248349
111.859 -218181 218181
96.4807 -188186 188186
80.9038 -157803 157803
65.4868 -127732 127732
49.9668 -97460.2 97460.2
34.4428 -67180.6 67180.6
18.9623 -36985.9 36985.9
3.70963 -7235.64 7235.64
-11.9776 23362.2 -23362.2
-27.3133 53274.6 -53274.6
-42.7947 83471 -83471
-58.2124 113543 -113543
-73.7446 143839 -143839
-89.2977 174175 -174175
-104.697 204211 -204211
-120.081 234217 -234217
-135.616 264518 -264518
-151.144 294807 -294807
-166.615 324982 -324982
-182.1 355187 -355187
-197.57 385360 -385360
-213.163 415775 -415775
-228.384 445463 -445463
-243.879 475686 -475686
-259.494 506143 -506143
-274.8 535997 -535997
-290.38 566386 -566386
-305.86 596579 -596579
-321.287 626671 -626671
-336.754 656838 -656838
-352.024 686622 -686622
-367.956 717699 -717699
-383.263 747554 -747554
-398.497 777269 -777269
-414.047 807600 -807600
-429.418 837581 -837581
-445.174 868311 -868311
-452.748 883085 -883085
-429.258 837267 -837267
-405.61 791142 -791142
-382.237 745554 -745554
-358.931 700094 -700094
-335.858 655091 -655091
-312.519 609568 -609568
-289.187 564059 -564059
-266.016 518864 -518864
-243.035 474039 -474039
-219.734 428591 -428591
-196.41 383099 -383099
-173.19 337807 -337807
-150.026 292625 -292625
-126.768 247262 -247262
-103.774 202411 -202411
-80.3892 156799 -156799
-57.347 111855 -111855
-34.0688 66451.2 -66451.2
-10.7411 20950.5 -20950.5
12.4386 -24261.5 24261.5
35.4732 -69190.5 69190.5
58.7506 -114593 114593
81.9959 -159933 159933
105.27 -205329 205329
128.325 -250297 250297
151.595 -295686 295686
174.72 -340791 340791
197.87 -385945 385945
221.154 -431361 431361
244.429 -476759 476759
267.595 -521944 521944
290.786 -567178 567178
313.943 -612346 612346
337.156 -657622 657622
360.442 -703043 703043
383.639 -748287 748287
406.85 -793561 793561
429.97 -838657 838657
453.252 -884069 884069
476.396 -929210 929210
499.703 -974671 974671
522.703 -1.01953e+06 1.01953e+06
545.982 -1.06494e+06 1.06494e+06
569.214 -1.11025e+06 1.11025e+06
592.427 -1.15553e+06 1.15553e+06
603.531 -1.17719e+06 1.17719e+06
579.667 -1.13064e+06 1.13064e+06
556.211 -1.08489e+06 1.08489e+06
532.757 -1.03914e+06 1.03914e+06
509.445 -993672 993672
486.317 -948561 948561
463.097 -903270 903270
439.848 -857924 857924
416.485 -812353 812353
393.435 -767396 767396
370.09 -721860 721860
347.06 -676940 676940
323.686 -631349 631349
300.403 -585936 585936
277.405 -541078 541078
254.015 -495456 495456
230.81 -450195 450195
207.62 -404963 404963
184.38 -359633 359633
161.214 -314448 314448
138.163 -269488 269488
114.801 -223919 223919
91.5366 -178542 178542
68.2848 -133190 133190
45.3058 -88369 88369
22.1103 -43126.1 43126.1
-1.10848 2162.1 -2162.1
-24.4195 47630.3 -47630.3
-47.4566 92564.2 -92564.2
-70.8131 138121 -138121
-93.9902 183328 -183328
-117.225 228648 -228648
-140.359 273771 -273771
-163.656 319212 -319212
-186.744 364243 -364243
-209.949 409505 -409505
-233.3 455052 -455052
-256.263 499840 -499840
-279.557 545276 -545276
-302.766 590544 -590544
-326.118 636093 -636093
-349.043 680809 -680809
-372.744 727037 -727037
-395.654 771723 -771723
-418.876 817017 -817017
-442.075 862267 -862267
-465.185 907344 -907344
-488.463 952747 -952747
-511.68 998032 -998032
-534.705 1.04294e+06 -1.04294e+06
-558.166 1.0887e+06 -1.0887e+06
-581.197 1.13362e+06 -1.13362e+06
-603.715 1.17755e+06 -1.17755e+06
-603.715 1.17755e+06 -1.17755e+06
-579.766 1.13083e+06 -1.13083e+06
-556.197 1.08486e+06 -1.08486e+06
-533.049 1.03971e+06 -1.03971e+06
-509.401 993586 -993586
-486.176 948286 -948286
-463.162 903397 -903397
-439.752 857737 -857737
-416.68 812734 -812734
-393.425 767376 -767376
-370.152 721981 -721981
-347.003 676829 -676829
-323.825 631620 -631620
-300.429 585987 -585987
-277.29 540854 -540854
-254.151 495721 -495721
-230.916 450402 -450402
-207.744 405204 -405204
-184.539 359943 -359943
-161.35 314712 -314712
-138.205 269569 -269569
-114.988 224283 -224283
-91.6556 178774 -178774
-68.61 133824 -133824
-45.3492 88453.5 -88453.5
-22.0397 42988.4 -42988.4
1.07716 -2101 2101
24.4396 -47669.5 47669.5
47.5354 -92717.9 92717.9
70.7384 -137975 137975
93.9249 -183200 183200
117.031 -228270 228270
140.242 -273543 273543
163.409 -318730 318730
186.6 -363963 363963
210.016 -409636 409636
233.078 -454618 454618
256.257 -499829 499829
279.648 -545453 545453
302.659 -590337 590337
325.906 -635679 635679
349.192 -681099 681099
372.475 -726512 726512
395.539 -771498 771498
418.69 -816654 816654
441.942 -862007 862007
465.191 -907355 907355
488.392 -952608 952608
511.648 -997970 997970
534.697 -1.04293e+06 1.04293e+06
558.006 -1.08839e+06 1.08839e+06
581.121 -1.13348e+06 1.13348e+06
603.603 -1.17733e+06 1.17733e+06
603.603 -1.17733e+06 1.17733e+06
579.725 -1.13075e+06 1.13075e+06
556.231 -1.08493e+06 1.08493e+06
532.923 -1.03947e+06 1.03947e+06
509.566 -993908 993908
486.269 -948467 948467
463.167 -903407 903407
439.96 -858142 858142
416.575 -812530 812530
393.408 -767343 767343
370.248 -722168 722168
347.113 -677045 677045
323.79 -631551 631551
300.647 -586412 586412
277.369 -541009 541009
254.102 -495625 495625
231.105 -450771 450771
207.717 -405152 405152
184.665 -360190 360190
161.306 -314627 314627
138.23 -269617 269617
114.941 -224193 224193
91.7905 -179037 179037
68.5008 -133611 133611
45.3893 -88531.8 88531.8
21.9311 -42776.6 42776.6
-1.00911 1968.28 -1968.28
-24.1299 47065.4 -47065.4
-47.383 92420.6 -92420.6
-70.577 137661 -137661
-93.8745 183102 -183102
-116.985 228179 -228179
-140.14 273343 -273343
-163.468 318845 -318845
-186.677 364114 -364114
-209.89 409390 -409390
-233.088 454637 -454637
-256.273 499861 -499861
-279.471 545108 -545108
-302.614 590249 -590249
-325.913 635693 -635693
-349.048 680818 -680818
-372.315 726200 -726200
-395.446 771318 -771318
-418.682 816640 -816640
-441.94 862005 -862005
-465.147 907268 -907268
-488.263 952358 -952358
-511.602 997880 -997880
-534.639 1.04281e+06 -1.04281e+06
-557.945 1.08827e+06 -1.08827e+06
-581.235 1.1337e+06 -1.1337e+06
-603.542 1.17721e+06 -1.17721e+06
-603.542 1.17721e+06 -1.17721e+06
-564.09 1.10026e+06 -1.10026e+06
-524.854 1.02373e+06 -1.02373e+06
-485.913 947774 -947774
-447.059 871988 -871988
-408.48 796739 -796739
-369.615 720934 -720934
-331.037 645688 -645688
-292.291 570113 -570113
-253.616 494677 -494677
-214.952 419264 -419264
-176.292 343857 -343857
-137.769 268719 -268719
-98.9117 192927 -192927
-60.2532 117524 -117524
-21.5695 42071.4 -42071.4
17.1173 -33387.4 33387.4
55.7378 -108717 108717
94.3388 -184008 184008
133.146 -259702 259702
171.649 -334802 334802
210.405 -410394 410394
249.036 -485744 485744
287.762 -561280 561280
326.407 -636656 636656
365.04 -712011 712011
403.7 -787416 787416
442.505 -863105 863105
481.039 -938267 938267
519.795 -1.01386e+06 1.01386e+06
558.604 -1.08956e+06 1.08956e+06
597.226 -1.16489e+06 1.16489e+06
635.746 -1.24002e+06 1.24002e+06
674.465 -1.31554e+06 1.31554e+06
713.208 -1.39111e+06 1.39111e+06
751.863 -1.46651e+06 1.46651e+06
790.448 -1.54177e+06 1.54177e+06
829.208 -1.61737e+06 1.61737e+06
867.938 -1.69291e+06 1.69291e+06
905.299 -1.76579e+06 1.76579e+06
905.299 -1.76579e+06 1.76579e+06
865.957 -1.68905e+06 1.68905e+06
826.673 -1.61243e+06 1.61243e+06
787.753 -1.53651e+06 1.53651e+06
748.914 -1.46076e+06 1.46076e+06
710.193 -1.38523e+06 1.38523e+06
671.747 -1.31024e+06 1.31024e+06
632.878 -1.23443e+06 1.23443e+06
594.072 -1.15874e+06 1.15874e+06
555.507 -1.08352e+06 1.08352e+06
516.723 -1.00787e+06 1.00787e+06
478.27 -932865 932865
439.433 -857114 857114
400.727 -781617 781617
361.974 -706030 706030
323.383 -630759 630759
284.734 -555375 555375
246.254 -480318 480318
207.304 -404346 404346
168.731 -329110 329110
129.953 -253474 253474
91.1515 -177791 177791
52.6593 -102712 102712
14.0009 -27308.7 27308.7
-24.6864 48150.9 -48150.9
-63.1796 123232 -123232
-102.008 198967 -198967
-140.72 274475 -274475
-179.468 350052 -350052
-218.003 425215 -425215
-256.762 500814 -500814
-295.467 576309 -576309
-334.104 651670 -651670
-372.826 727196 -727196
-411.463 802559 -802559
-450.1 877921 -877921
-488.777 953359 -953359
-527.378 1.02865e+06 -1.02865e+06
-566.113 1.1042e+06 -1.1042e+06
-604.805 1.17967e+06 -1.17967e+06
-643.337 1.25483e+06 -1.25483e+06
-682.193 1.33062e+06 -1.33062e+06
-720.813 1.40595e+06 -1.40595e+06
-759.535 1.48147e+06 -1.48147e+06
-798.216 1.55692e+06 -1.55692e+06
-836.99 1.63255e+06 -1.63255e+06
-875.64 1.70794e+06 -1.70794e+06
-905.551 1.76628e+06 -1.76628e+06
-866.297 1.68971e+06 -1.68971e+06
-826.75 1.61258e+06 -1.61258e+06
-787.84 1.53668e+06 -1.53668e+06
-748.96 1.46085e+06 -1.46085e+06
-710.287 1.38541e+06 -1.38541e+06
-671.559 1.30987e+06 -1.30987e+06
-632.733 1.23415e+06 -1.23415e+06
-594.197 1.15898e+06 -1.15898e+06
-555.378 1.08327e+06 -1.08327e+06
-516.862 1.00814e+06 -1.00814e+06
-478.208 932744 -932744
-439.575 857391 -857391
-400.716 781596 -781596
-362.053 706185 -706185
-323.432 630855 -630855
-284.796 555494 -555494
-246.145 480107 -480107
-207.465 404660 -404660
-168.718 329084 -329084
-130.059 253679 -253679
-91.3723 178222 -178222
-52.8374 103059 -103059
-14.141 27582 -27582
24.6158 -48013.2 48013.2
63.1962 -123264 123264
101.924 -198803 198803
140.555 -274153 274153
179.157 -349445 349445
217.937 -425087 425087
256.623 -500543 500543
295.24 -575865 575865
333.988 -651443 651443
372.515 -726591 726591
411.246 -802135 802135
450.018 -877761 877761
488.778 -953361 953361
527.442 -1.02878e+06 1.02878e+06
566.08 -1.10414e+06 1.10414e+06
604.72 -1.17951e+06 1.17951e+06
643.374 -1.2549e+06 1.2549e+06
681.952 -1.33015e+06 1.33015e+06
720.823 -1.40596e+06 1.40596e+06
759.412 -1.48123e+06 1.48123e+06
798.1 -1.55669e+06 1.55669e+06
836.767 -1.63211e+06 1.63211e+06
875.513 -1.70769e+06 1.70769e+06
905.326 -1.76584e+06 1.76584e+06
866.145 -1.68942e+06 1.68942e+06
826.943 -1.61295e+06 1.61295e+06
787.88 -1.53676e+06 1.53676e+06
749.051 -1.46102e+06 1.46102e+06
710.265 -1.38537e+06 1.38537e+06
671.88 -1.3105e+06 1.3105e+06
633.099 -1.23486e+06 1.23486e+06
594.333 -1.15925e+06 1.15925e+06
555.664 -1.08382e+06 1.08382e+06
516.969 -1.00835e+06 1.00835e+06
478.357 -933036 933036
439.554 -857351 857351
400.889 -781934 781934
362.264 -706595 706595
323.462 -630912 630912
284.914 -555725 555725
246.214 -480240 480240
207.658 -405037 405037
168.729 -329105 329105
130.172 -253901 253901
91.4655 -178403 178403
52.7078 -102807 102807
14.1399 -27579.9 27579.9
-24.49 47767.8 -47767.8
-63.2377 123345 -123345
-101.787 198535 -198535
-140.59 274222 -274222
-179.292 349709 -349709
-217.885 424985 -424985
-256.602 500502 -500502
-295.198 575784 -575784
-333.978 651425 -651425
-372.61 726776 -726776
-411.279 802201 -802201
-449.99 877706 -877706
-488.513 952846 -952846
-527.314 1.02853e+06 -1.02853e+06
-565.968 1.10392e+06 -1.10392e+06
-604.651 1.17937e+06 -1.17937e+06
-643.325 1.2548e+06 -1.2548e+06
-681.952 1.33015e+06 -1.33015e+06
-720.621 1.40557e+06 -1.40557e+06
-759.233 1.48088e+06 -1.48088e+06
-797.915 1.55633e+06 -1.55633e+06
-836.748 1.63208e+06 -1.63208e+06
-875.315 1.7073e+06 -1.7073e+06
-905.506 1.76619e+06 -1.76619e+06
-864.814 1.68682e+06 -1.68682e+06
-825.379 1.6099e+06 -1.6099e+06
-786.392 1.53386e+06 -1.53386e+06
-747.541 1.45808e+06 -1.45808e+06
-708.881 1.38267e+06 -1.38267e+06
-670.098 1.30703e+06 -1.30703e+06
-631.407 1.23156e+06 -1.23156e+06
-592.871 1.1564e+06 -1.1564e+06
-554.162 1.08089e+06 -1.08089e+06
-515.504 1.00549e+06 -1.00549e+06
-476.801 930001 -930001
-438.1 854514 -854514
-399.44 779107 -779107
-360.699 703543 -703543
-322.109 628273 -628273
-283.336 552647 -552647
-244.726 477339 -477339
-206.099 401996 -401996
-167.388 326490 -326490
-128.618 250870 -250870
-89.9542 175456 -175456
-51.3948 100246 -100246
-12.6855 24743.1 -24743.1
25.8618 -50443.4 50443.4
64.6144 -126030 126030
103.237 -201363 201363
142.01 -276991 276991
180.691 -352438 352438
219.282 -427709 427709
257.934 -503099 503099
296.677 -578668 578668
335.324 -654049 654049
373.948 -729386 729386
412.627 -804830 804830
451.379 -880415 880415
490.114 -955966 955966
528.752 -1.03133e+06 1.03133e+06
567.42 -1.10675e+06 1.10675e+06
606.042 -1.18209e+06 1.18209e+06
644.748 -1.25758e+06 1.25758e+06
683.393 -1.33296e+06 1.33296e+06
722.168 -1.40859e+06 1.40859e+06
760.68 -1.48371e+06 1.48371e+06
799.426 -1.55928e+06 1.55928e+06
838.169 -1.63485e+06 1.63485e+06
876.716 -1.71003e+06 1.71003e+06
905.439 -1.76606e+06 1.76606e+06
866.371 -1.68986e+06 1.68986e+06
827.026 -1.61311e+06 1.61311e+06
788.07 -1.53713e+06 1.53713e+06
749.387 -1.46168e+06 1.46168e+06
710.598 -1.38602e+06 1.38602e+06
672.035 -1.3108e+06 1.3108e+06
633.117 -1.2349e+06 1.2349e+06
594.569 -1.15971e+06 1.15971e+06
555.871 -1.08423e+06 1.08423e+06
517.102 -1.00861e+06 1.00861e+06
478.357 -933036 933036
439.773 -857778 857778
401.029 -782208 782208
362.395 -706851 706851
323.547 -631079 631079
284.94 -555775 555775
246.327 -480460 480460
207.618 -404960 404960
169.065 -329761 329761
130.437 -254417 254417
91.7993 -179054 179054
52.8973 -103176 103176
14.2283 -27752.3 27752.3
-24.4072 47606.2 -47606.2
-63.119 123114 -123114
-101.713 198390 -198390
-140.382 273815 -273815
-179.058 349253 -349253
-217.652 424531 -424531
-256.315 499941 -499941
-295.045 575486 -575486
-333.859 651192 -651192
-372.235 726045 -726045
-411.046 801745 -801745
-449.664 877069 -877069
-488.578 952971 -952971
-527.106 1.02812e+06 -1.02812e+06
-565.828 1.10365e+06 -1.10365e+06
-604.401 1.17888e+06 -1.17888e+06
-643.155 1.25447e+06 -1.25447e+06
-681.644 1.32955e+06 -1.32955e+06
-720.538 1.40541e+06 -1.40541e+06
-759.051 1.48053e+06 -1.48053e+06
-797.756 1.55602e+06 -1.55602e+06
-836.508 1.63161e+06 -1.63161e+06
-875.112 1.70691e+06 -1.70691e+06
-905.492 1.76616e+06 -1.76616e+06
-866.593 1.69029e+06 -1.69029e+06
-827.188 1.61343e+06 -1.61343e+06
-788.22 1.53742e+06 -1.53742e+06
-749.229 1.46137e+06 -1.46137e+06
-710.567 1.38596e+06 -1.38596e+06
-672.014 1.31076e+06 -1.31076e+06
-633.174 1.23501e+06 -1.23501e+06
-594.465 1.1595e+06 -1.1595e+06
-555.822 1.08413e+06 -1.08413e+06
-517.133 1.00867e+06 -1.00867e+06
-478.626 933561 -933561
-439.68 857595 -857595
-401.247 782632 -782632
-362.46 706978 -706978
-323.803 631577 -631577
-285.187 556258 -556258
-246.435 480672 -480672
-207.803 405319 -405319
-169.207 330038 -330038
-130.416 254376 -254376
-91.693 178847 -178847
-53.0862 103545 -103545
-14.4713 28226.4 -28226.4
24.2105 -47222.5 47222.5
62.9959 -122873 122873
101.62 -198209 198209
140.219 -273497 273497
178.862 -348870 348870
217.59 -424410 424410
256.268 -499851 499851
295.01 -575417 575417
333.611 -650708 650708
372.348 -726265 726265
410.974 -801605 801605
449.685 -877111 877111
488.382 -952589 952589
527.087 -1.02808e+06 1.02808e+06
565.811 -1.10362e+06 1.10362e+06
604.379 -1.17884e+06 1.17884e+06
643.049 -1.25427e+06 1.25427e+06
681.595 -1.32945e+06 1.32945e+06
720.393 -1.40513e+06 1.40513e+06
759.011 -1.48045e+06 1.48045e+06
797.595 -1.55571e+06 1.55571e+06
836.215 -1.63104e+06 1.63104e+06
875.058 -1.7068e+06 1.7068e+06
905.488 -1.76615e+06 1.76615e+06
866.506 -1.69012e+06 1.69012e+06
827.271 -1.61359e+06 1.61359e+06
788.162 -1.53731e+06 1.53731e+06
749.457 -1.46182e+06 1.46182e+06
710.631 -1.38609e+06 1.38609e+06
672.148 -1.31102e+06 1.31102e+06
633.41 -1.23547e+06 1.23547e+06
594.644 -1.15985e+06 1.15985e+06
555.959 -1.0844e+06 1.0844e+06
517.384 -1.00916e+06 1.00916e+06
478.563 -933437 933437
439.945 -858112 858112
401.286 -782707 782707
362.564 -707181 707181
323.861 -631692 631692
285.216 -556314 556314
246.417 -480636 480636
207.773 -405262 405262
169.114 -329857 329857
130.644 -254822 254822
91.8746 -179201 179201
53.0871 -103546 103546
14.3575 -28004.3 28004.3
-24.2281 47256.9 -47256.9
-62.9121 122710 -122710
-101.537 198048 -198048
-140.293 273642 -273642
-178.906 348957 -348957
-217.469 424173 -424173
-256.214 499746 -499746
-294.914 575230 -575230
-333.544 650577 -650577
-372.283 726138 -726138
-410.851 801365 -801365
-449.566 876879 -876879
-488.473 952766 -952766
-527.161 1.02823e+06 -1.02823e+06
-565.602 1.10321e+06 -1.10321e+06
-604.491 1.17906e+06 -1.17906e+06
-643.103 1.25437e+06 -1.25437e+06
-681.708 1.32967e+06 -1.32967e+06
-720.358 1.40506e+06 -1.40506e+06
-758.937 1.48031e+06 -1.48031e+06
-797.676 1.55587e+06 -1.55587e+06
-836.296 1.6312e+06 -1.6312e+06
-874.882 1.70646e+06 -1.70646e+06
-905.478 1.76613e+06 -1.76613e+06
-843.519 1.64528e+06 -1.64528e+06
-780.566 1.52249e+06 -1.52249e+06
-718.274 1.40099e+06 -1.40099e+06
-656.34 1.28019e+06 -1.28019e+06
-594.23 1.15905e+06 -1.15905e+06
-532.369 1.03839e+06 -1.03839e+06
-470.486 917683 -917683
-408.602 796978 -796978
-346.741 676319 -676319
-284.884 555667 -555667
-222.948 434860 -434860
-161.066 314160 -314160
-99.059 193215 -193215
-37.4024 72953.4 -72953.4
24.3929 -47578.3 47578.3
86.4746 -168669 168669
148.324 -289306 289306
210.123 -409845 409845
272.036 -530606 530606
333.875 -651223 651223
395.849 -772104 772104
457.623 -892594 892594
519.591 -1.01346e+06 1.01346e+06
581.347 -1.13392e+06 1.13392e+06
643.199 -1.25456e+06 1.25456e+06
705.186 -1.37547e+06 1.37547e+06
767.152 -1.49633e+06 1.49633e+06
828.836 -1.61664e+06 1.61664e+06
890.767 -1.73744e+06 1.73744e+06
952.669 -1.85818e+06 1.85818e+06
1014.59 -1.97895e+06 1.97895e+06
1076.35 -2.09942e+06 2.09942e+06
1138.27 -2.22019e+06 2.22019e+06
1200.19 -2.34098e+06 2.34098e+06
1207.31 -2.35485e+06 2.35485e+06
1143.32 -2.23004e+06 2.23004e+06
1080.38 -2.10728e+06 2.10728e+06
1017.95 -1.98552e+06 1.98552e+06
955.985 -1.86465e+06 1.86465e+06
894.077 -1.7439e+06 1.7439e+06
832.85 -1.62447e+06 1.62447e+06
770.062 -1.502e+06 1.502e+06
708.063 -1.38108e+06 1.38108e+06
646.338 -1.26068e+06 1.26068e+06
584.454 -1.13998e+06 1.13998e+06
522.647 -1.01942e+06 1.01942e+06
460.702 -898599 898599
398.786 -777831 777831
336.873 -657071 657071
275.106 -536594 536594
213.178 -415805 415805
151.168 -294854 294854
89.3028 -174185 174185
27.5874 -53809.2 53809.2
-34.4881 67269.1 -67269.1
-96.3423 187916 -187916
-158.067 308311 -308311
-219.793 428707 -428707
-281.872 549791 -549791
-343.77 670524 -670524
-405.645 791210 -791210
-467.351 911568 -911568
-529.363 1.03252e+06 -1.03252e+06
-591.22 1.15317e+06 -1.15317e+06
-653.105 1.27388e+06 -1.27388e+06
-714.984 1.39458e+06 -1.39458e+06
-776.772 1.51509e+06 -1.51509e+06
-838.621 1.63573e+06 -1.63573e+06
-900.706 1.75683e+06 -1.75683e+06
-962.437 1.87723e+06 -1.87723e+06
-1024.36 1.99801e+06 -1.99801e+06
-1086.35 2.11893e+06 -2.11893e+06
-1148.26 2.23968e+06 -2.23968e+06
-1207.47 2.35516e+06 -2.35516e+06
-1207.47 2.35516e+06 -2.35516e+06
-1143.34 2.23009e+06 -2.23009e+06
-1080.5 2.10751e+06 -2.10751e+06
-1018.08 1.98577e+06 -1.98577e+06
-955.933 1.86455e+06 -1.86455e+06
-894.017 1.74378e+06 -1.74378e+06
-832.074 1.62296e+06 -1.62296e+06
-770.234 1.50234e+06 -1.50234e+06
-708.265 1.38147e+06 -1.38147e+06
-646.338 1.26068e+06 -1.26068e+06
-584.499 1.14007e+06 -1.14007e+06
-522.684 1.0195e+06 -1.0195e+06
-460.695 898585 -898585
-398.919 778092 -778092
-337.159 657628 -657628
-275.066 536516 -536516
-213.238 415920 -415920
-151.425 295355 -295355
-89.526 174621 -174621
-27.668 53966.5 -53966.5
34.2279 -66761.4 66761.4
96.1194 -187481 187481
158.033 -308244 308244
219.809 -428738 428738
281.754 -549562 549562
343.515 -670026 670026
405.439 -790809 790809
467.358 -911583 911583
529.199 -1.0322e+06 1.0322e+06
591.103 -1.15295e+06 1.15295e+06
652.924 -1.27353e+06 1.27353e+06
714.764 -1.39415e+06 1.39415e+06
776.701 -1.51496e+06 1.51496e+06
838.66 -1.63581e+06 1.63581e+06
900.505 -1.75644e+06 1.75644e+06
962.391 -1.87714e+06 1.87714e+06
1024.26 -1.99782e+06 1.99782e+06
1086.11 -2.11845e+06 2.11845e+06
1147.91 -2.23899e+06 2.23899e+06
1207.5 -2.35523e+06 2.35523e+06
1207.5 -2.35523e+06 2.35523e+06
1143.59 -2.23058e+06 2.23058e+06
1080.5 -2.10751e+06 2.10751e+06
1018.29 -1.98617e+06 1.98617e+06
956.103 -1.86488e+06 1.86488e+06
894.323 -1.74438e+06 1.74438e+06
832.445 -1.62368e+06 1.62368e+06
770.818 -1.50348e+06 1.50348e+06
708.166 -1.38128e+06 1.38128e+06
646.403 -1.26081e+06 1.26081e+06
584.578 -1.14022e+06 1.14022e+06
522.721 -1.01957e+06 1.01957e+06
460.882 -898950 898950
399.066 -778379 778379
337.166 -657642 657642
275.205 -536788 536788
213.436 -416308 416308
151.49 -295482 295482
89.6152 -174794 174794
27.7926 -54209.5 54209.5
-34.0857 66484.1 -66484.1
-95.795 186848 -186848
-157.805 307798 -307798
-219.866 428849 -428849
-281.678 549413 -549413
-343.528 670052 -670052
-405.376 790686 -790686
-467.293 911455 -911455
-529.131 1.03207e+06 -1.03207e+06
-590.973 1.15269e+06 -1.15269e+06
-652.872 1.27343e+06 -1.27343e+06
-714.786 1.39419e+06 -1.39419e+06
-776.581 1.51472e+06 -1.51472e+06
-838.523 1.63554e+06 -1.63554e+06
-900.371 1.75617e+06 -1.75617e+06
-962.322 1.87701e+06 -1.87701e+06
-1024.02 1.99735e+06 -1.99735e+06
-1085.98 2.1182e+06 -2.1182e+06
-1147.94 2.23906e+06 -2.23906e+06
-1207.45 2.35512e+06 -2.35512e+06
-1207.45 2.35512e+06 -2.35512e+06
-1143.81 2.23101e+06 -2.23101e+06
-1080.67 2.10785e+06 -2.10785e+06
-1018.27 1.98614e+06 -1.98614e+06
-956.181 1.86503e+06 -1.86503e+06
-894.265 1.74426e+06 -1.74426e+06
-832.352 1.6235e+06 -1.6235e+06
-770.351 1.50257e+06 -1.50257e+06
-708.552 1.38203e+06 -1.38203e+06
-646.662 1.26131e+06 -1.26131e+06
-584.813 1.14068e+06 -1.14068e+06
-522.825 1.01977e+06 -1.01977e+06
-460.957 899096 -899096
-399.084 778413 -778413
-337.222 657752 -657752
-275.305 536982 -536982
-213.457 416348 -416348
-151.606 295707 -295707
-89.7832 175122 -175122
-27.7781 54181.2 -54181.2
33.9982 -66313.4 66313.4
95.8234 -186904 186904
157.732 -307657 307657
219.51 -428154 428154
281.454 -548975 548975
343.431 -669861 669861
405.162 -790269 790269
467.087 -911053 911053
528.908 -1.03164e+06 1.03164e+06
590.845 -1.15244e+06 1.15244e+06
652.899 -1.27348e+06 1.27348e+06
714.709 -1.39404e+06 1.39404e+06
776.489 -1.51454e+06 1.51454e+06
838.343 -1.63519e+06 1.63519e+06
900.3 -1.75604e+06 1.75604e+06
962.138 -1.87665e+06 1.87665e+06
1023.94 -1.9972e+06 1.9972e+06
1085.87 -2.11799e+06 2.11799e+06
1147.81 -2.2388e+06 2.2388e+06
1207.29 -2.35483e+06 2.35483e+06
1207.29 -2.35483e+06 2.35483e+06
1143.72 -2.23082e+06 2.23082e+06
1080.76 -2.10801e+06 2.10801e+06
1018.46 -1.9865e+06 1.9865e+06
956.263 -1.86519e+06 1.86519e+06
894.421 -1.74457e+06 1.74457e+06
832.896 -1.62456e+06 1.62456e+06
771.431 -1.50468e+06 1.50468e+06
708.358 -1.38165e+06 1.38165e+06
646.677 -1.26134e+06 1.26134e+06
585.077 -1.14119e+06 1.14119e+06
522.973 -1.02006e+06 1.02006e+06
461.143 -899460 899460
399.305 -778844 778844
337.471 -658238 658238
275.603 -537564 537564
213.608 -416642 416642
151.707 -295904 295904
89.872 -175295 175295
27.9271 -54471.9 54471.9
-33.9014 66124.6 -66124.6
-95.7556 186771 -186771
-157.643 307482 -307482
-219.534 428202 -428202
-281.386 548843 -548843
-343.417 669835 -669835
-405.163 790271 -790271
-467.082 911043 -911043
-528.835 1.03149e+06 -1.03149e+06
-590.726 1.15221e+06 -1.15221e+06
-652.63 1.27295e+06 -1.27295e+06
-714.508 1.39365e+06 -1.39365e+06
-776.436 1.51444e+06 -1.51444e+06
-838.237 1.63498e+06 -1.63498e+06
-900.137 1.75572e+06 -1.75572e+06
-962.19 1.87675e+06 -1.87675e+06
-1023.77 1.99686e+06 -1.99686e+06
-1085.7 2.11766e+06 -2.11766e+06
-1147.57 2.23833e+06 -2.23833e+06
-1207.53 2.35529e+06 -2.35529e+06
-1207.53 2.35529e+06 -2.35529e+06
-1143.93 2.23123e+06 -2.23123e+06
-1080.9 2.1083e+06 -2.1083e+06
-1018.57 1.98672e+06 -1.98672e+06
-956.356 1.86537e+06 -1.86537e+06
-894.457 1.74464e+06 -1.74464e+06
-832.625 1.62404e+06 -1.62404e+06
-770.721 1.50329e+06 -1.50329e+06
-708.866 1.38264e+06 -1.38264e+06
-646.922 1.26182e+06 -1.26182e+06
-585.027 1.1411e+06 -1.1411e+06
-523.172 1.02045e+06 -1.02045e+06
-461.214 899598 -899598
-399.364 778960 -778960
-337.544 658379 -658379
-275.646 537648 -537648
-213.868 417149 -417149
-151.985 296447 -296447
-90.1117 175763 -175763
-28.2313 55065.2 -55065.2
33.6672 -65667.8 65667.8
95.6667 -186598 186598
157.494 -307192 307192
219.402 -427945 427945
281.231 -548542 548542
343.163 -669340 669340
405.008 -789967 789967
466.912 -910712 910712
528.866 -1.03155e+06 1.03155e+06
590.485 -1.15174e+06 1.15174e+06
652.573 -1.27284e+06 1.27284e+06
714.379 -1.3934e+06 1.3934e+06
776.194 -1.51397e+06 1.51397e+06
838.063 -1.63464e+06 1.63464e+06
899.85 -1.75516e+06 1.75516e+06
961.887 -1.87616e+06 1.87616e+06
1023.77 -1.99686e+06 1.99686e+06
1085.65 -2.11756e+06 2.11756e+06
1147.5 -2.23819e+06 2.23819e+06
1207.37 -2.35497e+06 2.35497e+06
1207.37 -2.35497e+06 2.35497e+06
1144.02 -2.23142e+06 2.23142e+06
1080.96 -2.10842e+06 2.10842e+06
1018.62 -1.98681e+06 1.98681e+06
956.699 -1.86604e+06 1.86604e+06
894.687 -1.74509e+06 1.74509e+06
832.882 -1.62454e+06 1.62454e+06
771.603 -1.50501e+06 1.50501e+06
708.655 -1.38223e+06 1.38223e+06
646.874 -1.26173e+06 1.26173e+06
585.222 -1.14148e+06 1.14148e+06
523.253 -1.0206e+06 1.0206e+06
461.442 -900043 900043
399.536 -779294 779294
337.803 -658885 658885
275.82 -537987 537987
213.95 -417309 417309
151.866 -296214 296214
90.1094 -175758 175758
28.208 -55019.8 55019.8
-33.6042 65545 -65545
-95.4992 186271 -186271
-157.332 306876 -306876
-219.25 427646 -427646
-281.088 548262 -548262
-343.207 669425 -669425
-404.885 789728 -789728
-466.779 910452 -910452
-528.538 1.03091e+06 -1.03091e+06
-590.428 1.15163e+06 -1.15163e+06
-652.393 1.27249e+06 -1.27249e+06
-714.163 1.39297e+06 -1.39297e+06
-776.058 1.5137e+06 -1.5137e+06
-838.081 1.63468e+06 -1.63468e+06
-899.879 1.75521e+06 -1.75521e+06
-961.706 1.87581e+06 -1.87581e+06
-1023.54 1.99642e+06 -1.99642e+06
-1085.57 2.11741e+06 -2.11741e+06
-1147.61 2.23842e+06 -2.23842e+06
-1207.42 2.35508e+06 -2.35508e+06
-1207.42 2.35508e+06 -2.35508e+06
-1112.3 2.16955e+06 -2.16955e+06
-1018.38 1.98635e+06 -1.98635e+06
-925.125 1.80446e+06 -1.80446e+06
-831.797 1.62242e+06 -1.62242e+06
-738.834 1.4411e+06 -1.4411e+06
-646.131 1.26028e+06 -1.26028e+06
-553.183 1.07898e+06 -1.07898e+06
-460.373 897958 -897958
-367.572 716950 -716950
-274.805 536008 -536008
-182.047 355082 -355082
-89.1308 173850 -173850
3.75087 -7316.07 7316.07
96.4291 -188085 188085
189.306 -369241 369241
282.23 -550490 550490
374.832 -731111 731111
467.885 -912610 912610
560.358 -1.09298e+06 1.09298e+06
653.435 -1.27453e+06 1.27453e+06
746.183 -1.45543e+06 1.45543e+06
838.945 -1.63636e+06 1.63636e+06
931.67 -1.81722e+06 1.81722e+06
1024.63 -1.99854e+06 1.99854e+06
1117.45 -2.17959e+06 2.17959e+06
1210.32 -2.36073e+06 2.36073e+06
1302.94 -2.54137e+06 2.54137e+06
1395.78 -2.72247e+06 2.72247e+06
1419.62 -2.76898e+06 2.76898e+06
1425 -2.77947e+06 2.77947e+06
1430.37 -2.78994e+06 2.78994e+06
1435.76 -2.80045e+06 2.80045e+06
1438.3 -2.8054e+06 2.8054e+06
1345.86 -2.6251e+06 2.6251e+06
1251.66 -2.44136e+06 2.44136e+06
1158.25 -2.25917e+06 2.25917e+06
1065.45 -2.07815e+06 2.07815e+06
973.16 -1.89815e+06 1.89815e+06
879.592 -1.71564e+06 1.71564e+06
786.97 -1.53499e+06 1.53499e+06
694.32 -1.35427e+06 1.35427e+06
601.701 -1.17362e+06 1.17362e+06
509.074 -992949 992949
416.601 -812579 812579
323.742 -631459 631459
231.071 -450705 450705
138.507 -270158 270158
45.9767 -89677.6 89677.6
-46.9191 91515.7 -91515.7
-139.571 272233 -272233
-232.011 452537 -452537
-324.736 633397 -633397
-417.331 814004 -814004
-509.989 994733 -994733
-602.678 1.17552e+06 -1.17552e+06
-695.338 1.35626e+06 -1.35626e+06
-788.116 1.53722e+06 -1.53722e+06
-880.663 1.71773e+06 -1.71773e+06
-973.334 1.89849e+06 -1.89849e+06
-1065.88 2.079e+06 -2.079e+06
-1158.6 2.25986e+06 -2.25986e+06
-1251.29 2.44065e+06 -2.44065e+06
-1344.01 2.6215e+06 -2.6215e+06
-1390.73 2.71262e+06 -2.71262e+06
-1396.09 2.72307e+06 -2.72307e+06
-1401.45 2.73353e+06 -2.73353e+06
-1406.82 2.744e+06 -2.744e+06
-1412.17 2.75445e+06 -2.75445e+06
-1417.54 2.76491e+06 -2.76491e+06
-1422.9 2.77536e+06 -2.77536e+06
-1428.27 2.78584e+06 -2.78584e+06
-1433.6 2.79624e+06 -2.79624e+06
-1433.6 2.79624e+06 -2.79624e+06
-1341.45 2.61651e+06 -2.61651e+06
-1247.49 2.43323e+06 -2.43323e+06
-1154.49 2.25184e+06 -2.25184e+06
-1061.79 2.07103e+06 -2.07103e+06
-969.417 1.89085e+06 -1.89085e+06
-877.029 1.71064e+06 -1.71064e+06
-784.619 1.5304e+06 -1.5304e+06
-692.302 1.35034e+06 -1.35034e+06
-599.985 1.17027e+06 -1.17027e+06
-507.608 990089 -990089
-415.231 809909 -809909
-323.149 630303 -630303
-230.731 450041 -450041
-138.425 269998 -269998
-46.1042 89926.2 -89926.2
46.2954 -90299.3 90299.3
138.743 -270619 270619
230.939 -450447 450447
323.143 -630290 630290
415.557 -810543 810543
507.733 -990332 990332
600.233 -1.17076e+06 1.17076e+06
692.47 -1.35066e+06 1.35066e+06
784.876 -1.5309e+06 1.5309e+06
877.289 -1.71115e+06 1.71115e+06
969.446 -1.89091e+06 1.89091e+06
1061.81 -2.07106e+06 2.07106e+06
1154.27 -2.2514e+06 2.2514e+06
1246.65 -2.43159e+06 2.43159e+06
1338.83 -2.61139e+06 2.61139e+06
1386.16 -2.7037e+06 2.7037e+06
1391.5 -2.71413e+06 2.71413e+06
1396.85 -2.72455e+06 2.72455e+06
1402.19 -2.73497e+06 2.73497e+06
1407.53 -2.7454e+06 2.7454e+06
1412.87 -2.75581e+06 2.75581e+06
1418.22 -2.76624e+06 2.76624e+06
1423.57 -2.77668e+06 2.77668e+06
1428.88 -2.78704e+06 2.78704e+06
1428.88 -2.78704e+06 2.78704e+06
1337.5 -2.6088e+06 2.6088e+06
1243.88 -2.42619e+06 2.42619e+06
1151.23 -2.24547e+06 2.24547e+06
1058.94 -2.06547e+06 2.06547e+06
967.19 -1.8865e+06 1.8865e+06
874.482 -1.70568e+06 1.70568e+06
782.382 -1.52604e+06 1.52604e+06
690.492 -1.34681e+06 1.34681e+06
598.585 -1.16754e+06 1.16754e+06
506.519 -987966 987966
414.625 -808725 808725
322.601 -629232 629232
230.544 -449676 449676
138.597 -270333 270333
46.6785 -91046.5 91046.5
-45.5239 88794.4 -88794.4
-137.502 268198 -268198
-229.527 447693 -447693
-321.497 627080 -627080
-413.431 806397 -806397
-505.349 985683 -985683
-597.297 1.16503e+06 -1.16503e+06
-689.342 1.34456e+06 -1.34456e+06
-781.346 1.52402e+06 -1.52402e+06
-873.428 1.70362e+06 -1.70362e+06
-965.204 1.88263e+06 -1.88263e+06
-1057.37 2.0624e+06 -2.0624e+06
-1149.36 2.24183e+06 -2.24183e+06
-1241.48 2.42151e+06 -2.42151e+06
-1333.46 2.60091e+06 -2.60091e+06
-1381.54 2.6947e+06 -2.6947e+06
-1386.87 2.70509e+06 -2.70509e+06
-1392.19 2.71547e+06 -2.71547e+06
-1397.53 2.72588e+06 -2.72588e+06
-1402.86 2.73628e+06 -2.73628e+06
-1408.17 2.74663e+06 -2.74663e+06
-1413.5 2.75703e+06 -2.75703e+06
-1418.83 2.76742e+06 -2.76742e+06
-1424.13 2.77777e+06 -2.77777e+06
-1424.13 2.77777e+06 -2.77777e+06
-1310.47 2.55607e+06 -2.55607e+06
-1194.09 2.32908e+06 -2.32908e+06
-1078.73 2.10406e+06 -2.10406e+06
-963.891 1.88007e+06 -1.88007e+06
-849.156 1.65628e+06 -1.65628e+06
-734.482 1.43261e+06 -1.43261e+06
-619.754 1.20883e+06 -1.20883e+06
-505.226 985443 -985443
-390.524 761717 -761717
-276.072 538478 -538478
-161.322 314658 -314658
-46.7744 91233.5 -91233.5
67.7125 -132073 132073
182.231 -355442 355442
296.849 -579004 579004
411.474 -802581 802581
526.144 -1.02624e+06 1.02624e+06
640.668 -1.24962e+06 1.24962e+06
755.219 -1.47305e+06 1.47305e+06
869.721 -1.69639e+06 1.69639e+06
984.452 -1.92017e+06 1.92017e+06
1099.01 -2.14362e+06 2.14362e+06
1213.61 -2.36714e+06 2.36714e+06
1328.1 -2.59045e+06 2.59045e+06
1378.25 -2.68828e+06 2.68828e+06
1384.89 -2.70123e+06 2.70123e+06
1391.53 -2.71417e+06 2.71417e+06
1398.16 -2.72711e+06 2.72711e+06
1404.78 -2.74003e+06 2.74003e+06
1411.43 -2.75299e+06 2.75299e+06
1418.06 -2.76593e+06 2.76593e+06
1424.7 -2.77888e+06 2.77888e+06
1431.34 -2.79182e+06 2.79182e+06
1437.97 -2.80476e+06 2.80476e+06
1444.6 -2.8177e+06 2.8177e+06
1451.23 -2.83063e+06 2.83063e+06
1453.9 -2.83583e+06 2.83583e+06
1336.45 -2.60675e+06 2.60675e+06
1220.78 -2.38113e+06 2.38113e+06
1106.02 -2.15729e+06 2.15729e+06
991.786 -1.93448e+06 1.93448e+06
878.017 -1.71257e+06 1.71257e+06
763.879 -1.48995e+06 1.48995e+06
649.947 -1.26772e+06 1.26772e+06
536.162 -1.04578e+06 1.04578e+06
422.461 -824011 824011
308.365 -601466 601466
194.611 -379589 379589
80.6363 -157281 157281
-33.2354 64825.7 -64825.7
-147.034 286789 -286789
-260.858 508803 -508803
-374.661 730777 -730777
-488.448 952717 -952717
-602.404 1.17499e+06 -1.17499e+06
-716.09 1.39673e+06 -1.39673e+06
-830.001 1.61892e+06 -1.61892e+06
-943.88 1.84104e+06 -1.84104e+06
-1057.76 2.06317e+06 -2.06317e+06
-1171.66 2.28532e+06 -2.28532e+06
-1285.61 2.50758e+06 -2.50758e+06
-1332.21 2.59848e+06 -2.59848e+06
-1338.79 2.61132e+06 -2.61132e+06
-1345.37 2.62414e+06 -2.62414e+06
-1351.94 2.63696e+06 -2.63696e+06
-1358.52 2.64978e+06 -2.64978e+06
-1365.09 2.66261e+06 -2.66261e+06
-1371.66 2.67542e+06 -2.67542e+06
-1378.24 2.68825e+06 -2.68825e+06
-1384.81 2.70107e+06 -2.70107e+06
-1391.38 2.71389e+06 -2.71389e+06
-1397.96 2.72673e+06 -2.72673e+06
-1404.53 2.73954e+06 -2.73954e+06
-1411.1 2.75235e+06 -2.75235e+06
-1417.68 2.76519e+06 -2.76519e+06
-1424.26 2.77801e+06 -2.77801e+06
-1430.83 2.79083e+06 -2.79083e+06
-1437.41 2.80366e+06 -2.80366e+06
-1441.1 2.81086e+06 -2.81086e+06
-1325 2.58442e+06 -2.58442e+06
-1210.35 2.36079e+06 -2.36079e+06
-1096.78 2.13927e+06 -2.13927e+06
-983.702 1.91871e+06 -1.91871e+06
-870.681 1.69826e+06 -1.69826e+06
-757.834 1.47815e+06 -1.47815e+06
-645.172 1.25841e+06 -1.25841e+06
-532.195 1.03805e+06 -1.03805e+06
-419.367 817976 -817976
-306.522 597872 -597872
-193.758 377924 -377924
-81.1204 158225 -158225
31.7755 -61978.2 61978.2
144.653 -282146 282146
257.372 -502004 502004
370.24 -722153 722153
483.041 -942172 942172
595.768 -1.16205e+06 1.16205e+06
708.648 -1.38222e+06 1.38222e+06
821.521 -1.60238e+06 1.60238e+06
934.295 -1.82234e+06 1.82234e+06
1047.18 -2.04253e+06 2.04253e+06
1159.96 -2.2625e+06 2.2625e+06
1272.75 -2.4825e+06 2.4825e+06
1320.45 -2.57553e+06 2.57553e+06
1326.96 -2.58823e+06 2.58823e+06
1333.48 -2.60096e+06 2.60096e+06
1339.99 -2.61364e+06 2.61364e+06
1346.5 -2.62635e+06 2.62635e+06
1353.02 -2.63906e+06 2.63906e+06
1359.53 -2.65177e+06 2.65177e+06
1366.05 -2.66447e+06 2.66447e+06
1372.56 -2.67718e+06 2.67718e+06
1379.08 -2.68989e+06 2.68989e+06
1385.58 -2.70258e+06 2.70258e+06
1392.1 -2.71529e+06 2.71529e+06
1398.62 -2.728e+06 2.728e+06
1405.14 -2.74072e+06 2.74072e+06
1411.65 -2.75343e+06 2.75343e+06
1418.16 -2.76612e+06 2.76612e+06
1424.67 -2.77883e+06 2.77883e+06
1428.35 -2.78599e+06 2.78599e+06
1313.43 -2.56184e+06 2.56184e+06
1200.13 -2.34084e+06 2.34084e+06
1087.54 -2.12125e+06 2.12125e+06
975.41 -1.90254e+06 1.90254e+06
863.573 -1.6844e+06 1.6844e+06
751.681 -1.46615e+06 1.46615e+06
639.877 -1.24808e+06 1.24808e+06
528.077 -1.03001e+06 1.03001e+06
416.537 -812455 812455
304.465 -593858 593858
192.76 -375978 375978
81.0741 -158135 158135
-30.7907 60057.3 -60057.3
-142.504 277953 -277953
-254.186 495790 -495790
-365.917 713720 -713720
-477.667 931689 -931689
-589.572 1.14996e+06 -1.14996e+06
-701.053 1.3674e+06 -1.3674e+06
-812.926 1.58561e+06 -1.58561e+06
-924.736 1.8037e+06 -1.8037e+06
-1036.37 2.02145e+06 -2.02145e+06
-1148.22 2.2396e+06 -2.2396e+06
-1260.06 2.45774e+06 -2.45774e+06
-1308.28 2.5518e+06 -2.5518e+06
-1314.73 2.56437e+06 -2.56437e+06
-1321.19 2.57698e+06 -2.57698e+06
-1327.64 2.58956e+06 -2.58956e+06
-1334.09 2.60214e+06 -2.60214e+06
-1340.54 2.61473e+06 -2.61473e+06
-1346.99 2.62731e+06 -2.62731e+06
-1353.44 2.63989e+06 -2.63989e+06
-1359.9 2.65249e+06 -2.65249e+06
-1366.35 2.66506e+06 -2.66506e+06
-1372.81 2.67766e+06 -2.67766e+06
-1379.25 2.69023e+06 -2.69023e+06
-1385.71 2.70282e+06 -2.70282e+06
-1392.15 2.71539e+06 -2.71539e+06
-1398.61 2.72799e+06 -2.72799e+06
-1405.06 2.74056e+06 -2.74056e+06
-1411.51 2.75314e+06 -2.75314e+06
-1415.16 2.76027e+06 -2.76027e+06
-1263.81 2.46506e+06 -2.46506e+06
-1114.33 2.17351e+06 -2.17351e+06
-965.779 1.88375e+06 -1.88375e+06
-817.825 1.59517e+06 -1.59517e+06
-670.142 1.30711e+06 -1.30711e+06
-522.44 1.01902e+06 -1.01902e+06
-374.839 731123 -731123
-227.226 443204 -443204
-79.7318 155517 -155517
68.0503 -132732 132732
215.639 -420604 420604
363.121 -708268 708268
510.745 -996207 996207
658.394 -1.2842e+06 1.2842e+06
805.95 -1.572e+06 1.572e+06
953.549 -1.8599e+06 1.8599e+06
1101.13 -2.14776e+06 2.14776e+06
1248.78 -2.43575e+06 2.43575e+06
1298.33 -2.53239e+06 2.53239e+06
1306.86 -2.54902e+06 2.54902e+06
1315.37 -2.56563e+06 2.56563e+06
1323.9 -2.58226e+06 2.58226e+06
1332.41 -2.59887e+06 2.59887e+06
1340.93 -2.61549e+06 2.61549e+06
1349.45 -2.63211e+06 2.63211e+06
1357.97 -2.64872e+06 2.64872e+06
1366.49 -2.66533e+06 2.66533e+06
1375.02 -2.68198e+06 2.68198e+06
1383.54 -2.6986e+06 2.6986e+06
1392.04 -2.71518e+06 2.71518e+06
1400.58 -2.73184e+06 2.73184e+06
1409.09 -2.74844e+06 2.74844e+06
1417.61 -2.76505e+06 2.76505e+06
1426.13 -2.78167e+06 2.78167e+06
1434.66 -2.7983e+06 2.7983e+06
1443.18 -2.81493e+06 2.81493e+06
1451.69 -2.83152e+06 2.83152e+06
1460.21 -2.84814e+06 2.84814e+06
1468.47 -2.86425e+06 2.86425e+06
1468.47 -2.86425e+06 2.86425e+06
1319.99 -2.57464e+06 2.57464e+06
1172.62 -2.28719e+06 2.28719e+06
1026.33 -2.00185e+06 2.00185e+06
880.798 -1.718e+06 1.718e+06
735.175 -1.43396e+06 1.43396e+06
589.907 -1.15061e+06 1.15061e+06
444.752 -867489 867489
299.483 -584141 584141
154.113 -300597 300597
8.91066 -17380.2 17380.2
-136.401 266051 -266051
-281.488 549043 -549043
-426.787 832448 -832448
-571.885 1.11546e+06 -1.11546e+06
-717.187 1.39887e+06 -1.39887e+06
-862.542 1.68239e+06 -1.68239e+06
-1007.72 1.96556e+06 -1.96556e+06
-1153.04 2.249e+06 -2.249e+06
-1203.88 2.34817e+06 -2.34817e+06
-1212.21 2.36441e+06 -2.36441e+06
-1220.52 2.38063e+06 -2.38063e+06
-1228.85 2.39687e+06 -2.39687e+06
-1237.17 2.41309e+06 -2.41309e+06
-1245.48 2.42931e+06 -2.42931e+06
-1253.8 2.44554e+06 -2.44554e+06
-1262.12 2.46177e+06 -2.46177e+06
-1270.45 2.47801e+06 -2.47801e+06
-1278.77 2.49424e+06 -2.49424e+06
-1287.08 2.51045e+06 -2.51045e+06
-1295.41 2.5267e+06 -2.5267e+06
-1303.73 2.54292e+06 -2.54292e+06
-1312.05 2.55915e+06 -2.55915e+06
-1320.37 2.57538e+06 -2.57538e+06
-1328.67 2.59158e+06 -2.59158e+06
-1337 2.60782e+06 -2.60782e+06
-1345.33 2.62406e+06 -2.62406e+06
-1353.64 2.64027e+06 -2.64027e+06
-1361.95 2.65649e+06 -2.65649e+06
-1370.29 2.67274e+06 -2.67274e+06
-1378.6 2.68896e+06 -2.68896e+06
-1386.91 2.70517e+06 -2.70517e+06
-1395.24 2.72141e+06 -2.72141e+06
-1403.55 2.73763e+06 -2.73763e+06
-1411.88 2.75387e+06 -2.75387e+06
-1420.2 2.7701e+06 -2.7701e+06
-1428.52 2.78632e+06 -2.78632e+06
-1434.94 2.79886e+06 -2.79886e+06
-1289.71 2.51558e+06 -2.51558e+06
-1145.66 2.23461e+06 -2.23461e+06
-1002.84 1.95603e+06 -1.95603e+06
-860.373 1.67816e+06 -1.67816e+06
-717.991 1.40044e+06 -1.40044e+06
-576.001 1.12349e+06 -1.12349e+06
-433.906 846333 -846333
-291.749 569057 -569057
-149.839 292262 -292262
-7.66526 14951.1 -14951.1
134.187 -261732 261732
276.417 -539151 539151
418.458 -816202 816202
560.446 -1.09315e+06 1.09315e+06
702.38 -1.36999e+06 1.36999e+06
844.522 -1.64724e+06 1.64724e+06
986.45 -1.92407e+06 1.92407e+06
1128.66 -2.20145e+06 2.20145e+06
1176.1 -2.29397e+06 2.29397e+06
1184.21 -2.3098e+06 2.3098e+06
1192.34 -2.32566e+06 2.32566e+06
1200.46 -2.34149e+06 2.34149e+06
1208.58 -2.35733e+06 2.35733e+06
1216.7 -2.37317e+06 2.37317e+06
1224.83 -2.38902e+06 2.38902e+06
1232.94 -2.40486e+06 2.40486e+06
1241.07 -2.42071e+06 2.42071e+06
1249.19 -2.43655e+06 2.43655e+06
1257.31 -2.45238e+06 2.45238e+06
1265.43 -2.46822e+06 2.46822e+06
1273.55 -2.48406e+06 2.48406e+06
1281.68 -2.49991e+06 2.49991e+06
1289.8 -2.51575e+06 2.51575e+06
1297.91 -2.53158e+06 2.53158e+06
1306.04 -2.54743e+06 2.54743e+06
1314.16 -2.56327e+06 2.56327e+06
1322.28 -2.57911e+06 2.57911e+06
1330.4 -2.59495e+06 2.59495e+06
1338.52 -2.61078e+06 2.61078e+06
1346.65 -2.62664e+06 2.62664e+06
1354.76 -2.64247e+06 2.64247e+06
1362.88 -2.6583e+06 2.6583e+06
1371 -2.67414e+06 2.67414e+06
1379.13 -2.69e+06 2.69e+06
1387.24 -2.70581e+06 2.70581e+06
1395.37 -2.72166e+06 2.72166e+06
1401.65 -2.73391e+06 2.73391e+06
1260.32 -2.45826e+06 2.45826e+06
1119.46 -2.18351e+06 2.18351e+06
979.686 -1.91088e+06 1.91088e+06
840.59 -1.63957e+06 1.63957e+06
701.481 -1.36824e+06 1.36824e+06
562.574 -1.0973e+06 1.0973e+06
423.687 -826402 826402
284.855 -555609 555609
146.081 -284931 284931
7.24236 -14126.2 14126.2
-131.566 256620 -256620
-270.45 527513 -527513
-409.178 798101 -798101
-548.011 1.06889e+06 -1.06889e+06
-686.893 1.33979e+06 -1.33979e+06
-825.752 1.61063e+06 -1.61063e+06
-964.525 1.88131e+06 -1.88131e+06
-1103.52 2.15242e+06 -2.15242e+06
-1145.75 2.23478e+06 -2.23478e+06
-1153.64 2.25017e+06 -2.25017e+06
-1161.55 2.26561e+06 -2.26561e+06
-1169.46 2.28102e+06 -2.28102e+06
-1177.36 2.29644e+06 -2.29644e+06
-1185.26 2.31184e+06 -2.31184e+06
-1193.17 2.32727e+06 -2.32727e+06
-1201.07 2.34269e+06 -2.34269e+06
-1208.97 2.3581e+06 -2.3581e+06
-1216.88 2.37352e+06 -2.37352e+06
-1224.79 2.38895e+06 -2.38895e+06
-1232.68 2.40435e+06 -2.40435e+06
-1240.59 2.41977e+06 -2.41977e+06
-1248.5 2.43521e+06 -2.43521e+06
-1256.41 2.45062e+06 -2.45062e+06
-1264.31 2.46603e+06 -2.46603e+06
-1272.21 2.48145e+06 -2.48145e+06
-1280.12 2.49688e+06 -2.49688e+06
-1288.02 2.51229e+06 -2.51229e+06
-1295.93 2.5277e+06 -2.5277e+06
-1303.83 2.54311e+06 -2.54311e+06
-1311.74 2.55854e+06 -2.55854e+06
-1319.64 2.57395e+06 -2.57395e+06
-1327.54 2.58937e+06 -2.58937e+06
-1335.44 2.60478e+06 -2.60478e+06
-1343.36 2.62022e+06 -2.62022e+06
-1351.26 2.63563e+06 -2.63563e+06
-1359.16 2.65105e+06 -2.65105e+06
-1365.3 2.66302e+06 -2.66302e+06
-1227.49 2.39421e+06 -2.39421e+06
-1089.94 2.12592e+06 -2.12592e+06
-953.416 1.85964e+06 -1.85964e+06
-817.446 1.59443e+06 -1.59443e+06
-681.731 1.32972e+06 -1.32972e+06
-545.897 1.06477e+06 -1.06477e+06
-410.396 800478 -800478
-274.929 536249 -536249
-139.261 271628 -271628
-3.53241 6889.98 -6889.98
131.882 -257236 257236
267.484 -521728 521728
403.192 -786426 786426
538.84 -1.05101e+06 1.05101e+06
674.372 -1.31536e+06 1.31536e+06
810.06 -1.58002e+06 1.58002e+06
945.624 -1.84444e+06 1.84444e+06
1081.17 -2.10882e+06 2.10882e+06
1115.26 -2.17532e+06 2.17532e+06
1122.96 -2.19034e+06 2.19034e+06
1130.64 -2.20531e+06 2.20531e+06
1138.33 -2.22031e+06 2.22031e+06
1146.02 -2.23531e+06 2.23531e+06
1153.7 -2.2503e+06 2.2503e+06
1161.39 -2.2653e+06 2.2653e+06
1169.08 -2.28028e+06 2.28028e+06
1176.77 -2.29529e+06 2.29529e+06
1184.46 -2.31029e+06 2.31029e+06
1192.14 -2.32528e+06 2.32528e+06
1199.83 -2.34027e+06 2.34027e+06
1207.52 -2.35527e+06 2.35527e+06
1215.2 -2.37025e+06 2.37025e+06
1222.9 -2.38526e+06 2.38526e+06
1230.58 -2.40025e+06 2.40025e+06
1238.26 -2.41523e+06 2.41523e+06
1245.96 -2.43025e+06 2.43025e+06
1253.64 -2.44522e+06 2.44522e+06
1261.33 -2.46023e+06 2.46023e+06
1269.01 -2.47521e+06 2.47521e+06
1276.71 -2.49021e+06 2.49021e+06
1284.39 -2.5052e+06 2.5052e+06
1292.08 -2.5202e+06 2.5202e+06
1299.77 -2.5352e+06 2.5352e+06
1307.45 -2.55018e+06 2.55018e+06
1315.15 -2.5652e+06 2.5652e+06
1322.82 -2.58017e+06 2.58017e+06
1330.52 -2.59517e+06 2.59517e+06
1338.2 -2.61015e+06 2.61015e+06
1345.89 -2.62516e+06 2.62516e+06
1353.58 -2.64015e+06 2.64015e+06
1361.27 -2.65515e+06 2.65515e+06
1368.96 -2.67015e+06 2.67015e+06
1376.64 -2.68514e+06 2.68514e+06
1384.33 -2.70013e+06 2.70013e+06
1388.79 -2.70884e+06 2.70884e+06
1255.72 -2.44928e+06 2.44928e+06
1122.57 -2.18958e+06 2.18958e+06
990.382 -1.93174e+06 1.93174e+06
858.778 -1.67505e+06 1.67505e+06
727.216 -1.41843e+06 1.41843e+06
595.905 -1.16231e+06 1.16231e+06
464.656 -906312 906312
333.206 -649919 649919
201.7 -393416 393416
70.5263 -137562 137562
-60.8092 118608 -118608
-192.047 374587 -374587
-323.436 630862 -630862
-454.81 887108 -887108
-586.14 1.14327e+06 -1.14327e+06
-717.479 1.39944e+06 -1.39944e+06
-848.763 1.65551e+06 -1.65551e+06
-980.077 1.91164e+06 -1.91164e+06
-1002.88 1.95613e+06 -1.95613e+06
-1010.17 1.97034e+06 -1.97034e+06
-1017.47 1.98458e+06 -1.98458e+06
-1024.76 1.99879e+06 -1.99879e+06
-1032.05 2.01301e+06 -2.01301e+06
-1039.35 2.02725e+06 -2.02725e+06
-1046.65 2.04149e+06 -2.04149e+06
-1053.93 2.0557e+06 -2.0557e+06
-1061.23 2.06993e+06 -2.06993e+06
-1068.52 2.08415e+06 -2.08415e+06
-1075.81 2.09838e+06 -2.09838e+06
-1083.11 2.1126e+06 -2.1126e+06
-1090.4 2.12682e+06 -2.12682e+06
-1097.7 2.14106e+06 -2.14106e+06
-1104.99 2.15528e+06 -2.15528e+06
-1112.28 2.1695e+06 -2.1695e+06
-1119.58 2.18374e+06 -2.18374e+06
-1126.86 2.19795e+06 -2.19795e+06
-1134.16 2.21218e+06 -2.21218e+06
-1141.46 2.22641e+06 -2.22641e+06
-1148.74 2.24062e+06 -2.24062e+06
-1156.04 2.25486e+06 -2.25486e+06
-1163.33 2.26908e+06 -2.26908e+06
-1170.62 2.2833e+06 -2.2833e+06
-1177.92 2.29753e+06 -2.29753e+06
-1185.21 2.31175e+06 -2.31175e+06
-1192.5 2.32597e+06 -2.32597e+06
-1199.8 2.34021e+06 -2.34021e+06
-1207.09 2.35443e+06 -2.35443e+06
-1214.39 2.36867e+06 -2.36867e+06
-1221.68 2.38288e+06 -2.38288e+06
-1228.97 2.3971e+06 -2.3971e+06
-1236.26 2.41133e+06 -2.41133e+06
-1243.56 2.42556e+06 -2.42556e+06
-1250.86 2.4398e+06 -2.4398e+06
-1258.15 2.45401e+06 -2.45401e+06
-1265.44 2.46823e+06 -2.46823e+06
-1272.73 2.48246e+06 -2.48246e+06
-1280.02 2.49668e+06 -2.49668e+06
-1287.31 2.5109e+06 -2.5109e+06
-1294.6 2.52512e+06 -2.52512e+06
-1301.91 2.53937e+06 -2.53937e+06
-1309.2 2.55359e+06 -2.55359e+06
-1312.62 2.56026e+06 -2.56026e+06
-1308.35 2.55194e+06 -2.55194e+06
-1180.71 2.30297e+06 -2.30297e+06
-1052.52 2.05295e+06 -2.05295e+06
-925.651 1.80548e+06 -1.80548e+06
-799.08 1.55861e+06 -1.55861e+06
-672.688 1.31208e+06 -1.31208e+06
-546.334 1.06562e+06 -1.06562e+06
-420.025 819259 -819259
-293.667 572798 -572798
-167.479 326667 -326667
-41.4015 80753.6 -80753.6
84.8234 -165448 165448
211.079 -411710 411710
337.452 -658199 658199
463.811 -904663 904663
589.915 -1.15063e+06 1.15063e+06
716.129 -1.39681e+06 1.39681e+06
842.479 -1.64326e+06 1.64326e+06
941.858 -1.83709e+06 1.83709e+06
948.75 -1.85054e+06 1.85054e+06
955.637 -1.86397e+06 1.86397e+06
962.522 -1.8774e+06 1.8774e+06
969.409 -1.89083e+06 1.89083e+06
976.298 -1.90427e+06 1.90427e+06
983.184 -1.9177e+06 1.9177e+06
990.071 -1.93113e+06 1.93113e+06
996.956 -1.94456e+06 1.94456e+06
1003.85 -1.95801e+06 1.95801e+06
1010.73 -1.97142e+06 1.97142e+06
1017.63 -1.98488e+06 1.98488e+06
1024.5 -1.99829e+06 1.99829e+06
1031.41 -2.01176e+06 2.01176e+06
1038.29 -2.02518e+06 2.02518e+06
1045.17 -2.03861e+06 2.03861e+06
1052.06 -2.05205e+06 2.05205e+06
1058.95 -2.06548e+06 2.06548e+06
1065.84 -2.07891e+06 2.07891e+06
1072.72 -2.09235e+06 2.09235e+06
1079.6 -2.10577e+06 2.10577e+06
1086.5 -2.11921e+06 2.11921e+06
1093.38 -2.13264e+06 2.13264e+06
1100.27 -2.14607e+06 2.14607e+06
1107.16 -2.15951e+06 2.15951e+06
1114.05 -2.17295e+06 2.17295e+06
1120.93 -2.18637e+06 2.18637e+06
1127.82 -2.19982e+06 2.19982e+06
1134.7 -2.21324e+06 2.21324e+06
1141.59 -2.22668e+06 2.22668e+06
1148.48 -2.24011e+06 2.24011e+06
1155.37 -2.25354e+06 2.25354e+06
1162.25 -2.26698e+06 2.26698e+06
1169.14 -2.28041e+06 2.28041e+06
1176.03 -2.29385e+06 2.29385e+06
1182.92 -2.30729e+06 2.30729e+06
1189.8 -2.32071e+06 2.32071e+06
1196.69 -2.33414e+06 2.33414e+06
1203.58 -2.34758e+06 2.34758e+06
1210.47 -2.36101e+06 2.36101e+06
1217.35 -2.37445e+06 2.37445e+06
1224.24 -2.38789e+06 2.38789e+06
1231.13 -2.40131e+06 2.40131e+06
1228.57 -2.39633e+06 2.39633e+06
1218.86 -2.37739e+06 2.37739e+06
1215.1 -2.37006e+06 2.37006e+06
1092.96 -2.13181e+06 2.13181e+06
970.228 -1.89243e+06 1.89243e+06
848.184 -1.65438e+06 1.65438e+06
726.797 -1.41762e+06 1.41762e+06
605.386 -1.18081e+06 1.18081e+06
484.163 -944359 944359
362.81 -707661 707661
241.751 -471535 471535
120.466 -234968 234968
-0.754476 1471.61 -1471.61
-121.945 237853 -237853
-243.064 474096 -474096
-364.316 710599 -710599
-485.506 946980 -946980
-606.723 1.18341e+06 -1.18341e+06
-727.889 1.41975e+06 -1.41975e+06
-849.062 1.6561e+06 -1.6561e+06
-878.17 1.71287e+06 -1.71287e+06
-884.582 1.72538e+06 -1.72538e+06
-890.984 1.73787e+06 -1.73787e+06
-897.394 1.75037e+06 -1.75037e+06
-903.803 1.76287e+06 -1.76287e+06
-910.211 1.77537e+06 -1.77537e+06
-916.618 1.78786e+06 -1.78786e+06
-923.024 1.80036e+06 -1.80036e+06
-929.444 1.81288e+06 -1.81288e+06
-935.845 1.82537e+06 -1.82537e+06
-942.252 1.83786e+06 -1.83786e+06
-948.659 1.85036e+06 -1.85036e+06
-955.071 1.86287e+06 -1.86287e+06
-961.48 1.87537e+06 -1.87537e+06
-967.886 1.88786e+06 -1.88786e+06
-974.297 1.90037e+06 -1.90037e+06
-980.702 1.91286e+06 -1.91286e+06
-987.114 1.92537e+06 -1.92537e+06
-993.528 1.93788e+06 -1.93788e+06
-999.929 1.95036e+06 -1.95036e+06
-1006.34 1.96286e+06 -1.96286e+06
-1012.75 1.97538e+06 -1.97538e+06
-1019.15 1.98786e+06 -1.98786e+06
-1025.56 2.00035e+06 -2.00035e+06
-1031.97 2.01286e+06 -2.01286e+06
-1038.38 2.02535e+06 -2.02535e+06
-1044.8 2.03787e+06 -2.03787e+06
-1051.2 2.05037e+06 -2.05037e+06
-1057.6 2.06285e+06 -2.06285e+06
-1064.02 2.07537e+06 -2.07537e+06
-1070.42 2.08785e+06 -2.08785e+06
-1076.83 2.10036e+06 -2.10036e+06
-1083.24 2.11286e+06 -2.11286e+06
-1089.64 2.12535e+06 -2.12535e+06
-1096.05 2.13785e+06 -2.13785e+06
-1102.46 2.15035e+06 -2.15035e+06
-1108.87 2.16286e+06 -2.16286e+06
-1115.28 2.17536e+06 -2.17536e+06
-1121.69 2.18785e+06 -2.18785e+06
-1128.1 2.20035e+06 -2.20035e+06
-1134.5 2.21284e+06 -2.21284e+06
-1137.89 2.21945e+06 -2.21945e+06
-1129.73 2.20354e+06 -2.20354e+06
-1121.56 2.18761e+06 -2.18761e+06
-1113.41 2.1717e+06 -2.1717e+06
-1110.22 2.16549e+06 -2.16549e+06
-993.732 1.93827e+06 -1.93827e+06
-875.737 1.70813e+06 -1.70813e+06
-758.781 1.48e+06 -1.48e+06
-642.316 1.25284e+06 -1.25284e+06
-525.78 1.02553e+06 -1.02553e+06
-409.601 798926 -798926
-293.342 572164 -572164
-177.151 345532 -345532
-60.8553 118698 -118698
55.336 -107933 107933
171.573 -334653 334653
287.782 -561319 561319
404.105 -788207 788207
520.362 -1.01497e+06 1.01497e+06
636.509 -1.24151e+06 1.24151e+06
752.729 -1.4682e+06 1.4682e+06
802.869 -1.566e+06 1.566e+06
808.761 -1.57749e+06 1.57749e+06
814.651 -1.58898e+06 1.58898e+06
820.537 -1.60046e+06 1.60046e+06
826.432 -1.61196e+06 1.61196e+06
832.323 -1.62345e+06 1.62345e+06
838.199 -1.63491e+06 1.63491e+06
844.089 -1.6464e+06 1.6464e+06
849.98 -1.65789e+06 1.65789e+06
