0 0 0 0 0 0 0
0.1 0 0 0 0 0 0
0.2 0 0 0 0 0 0
0.3 0 0 0 0 0 0
0.4 0 0 0 0 0 0
0.5 0 0 0 0 0 0
0.6 0 0 0 0 0 0
0.7 0 0 0 0 0 0
0.8 0 0 0 0 0 0
0.9 0 0 0 0 0 0
1 0 0 0 0 0 0
0 0 0 0 0 0 0
0.0712937 0 0 -3.42297e-07 0 0 3.42297e-07
5.72596 0 0 -2.74916e-05 0 0 2.74916e-05
21.2914 0 0 -0.000102225 0 0 0.000102225
37.0841 0 0 -0.000178049 0 0 0.000178049
52.5474 0 0 -0.000252291 0 0 0.000252291
67.9238 0 0 -0.000326117 0 0 0.000326117
83.5401 0 0 -0.000401094 0 0 0.000401094
98.7545 0 0 -0.000474142 0 0 0.000474142
114.401 0 0 -0.000549266 0 0 0.000549266
129.896 0 0 -0.000623658 0 0 0.000623658
145.354 0 0 -0.000697876 0 0 0.000697876
160.863 0 0 -0.00077234 0 0 0.00077234
176.38 0 0 -0.000846839 0 0 0.000846839
191.648 0 0 -0.000920144 0 0 0.000920144
207.263 0 0 -0.000995116 0 0 0.000995116
222.628 0 0 -0.00106888 0 0 0.00106888
238.172 0 0 -0.00114352 0 0 0.00114352
253.591 0 0 -0.00121755 0 0 0.00121755
269.158 0 0 -0.00129229 0 0 0.00129229
284.562 0 0 -0.00136624 0 0 0.00136624
300.123 0 0 -0.00144096 0 0 0.00144096
315.626 0 0 -0.00151539 0 0 0.00151539
331.036 0 0 -0.00158937 0 0 0.00158937
346.456 0 0 -0.00166341 0 0 0.00166341
361.971 0 0 -0.0017379 0 0 0.0017379
377.317 0 0 -0.00181158 0 0 0.00181158
392.852 0 0 -0.00188617 0 0 0.00188617
408.36 0 0 -0.00196063 0 0 0.00196063
423.735 0 0 -0.00203444 0 0 0.00203444
439.117 0 0 -0.0021083 0 0 0.0021083
452.722 0 0 -0.00217362 0 0 0.00217362
437.138 0 0 -0.00209879 0 0 0.00209879
421.48 0 0 -0.00202362 0 0 0.00202362
405.965 0 0 -0.00194912 0 0 0.00194912
390.318 0 0 -0.001874 0 0 0.001874
374.763 0 0 -0.00179932 0 0 0.00179932
359.204 0 0 -0.00172462 0 0 0.00172462
343.914 0 0 -0.00165121 0 0 0.00165121
328.316 0 0 -0.00157632 0 0 0.00157632
312.852 0 0 -0.00150207 0 0 0.00150207
297.416 0 0 -0.00142796 0 0 0.00142796
282.059 0 0 -0.00135422 0 0 0.00135422
266.493 0 0 -0.00127949 0 0 0.00127949
251.019 0 0 -0.0012052 0 0 0.0012052
235.542 0 0 -0.00113089 0 0 0.00113089
220.091 0 0 -0.0010567 0 0 0.0010567
204.678 0 0 -0.000982704 0 0 0.000982704
189.091 0 0 -0.000907868 0 0 0.000907868
173.653 0 0 -0.000833746 0 0 0.000833746
158.159 0 0 -0.000759357 0 0 0.000759357
142.631 0 0 -0.000684803 0 0 0.000684803
127.178 0 0 -0.00061061 0 0 0.00061061
111.819 0 0 -0.000536868 0 0 0.000536868
96.4405 0 0 -0.000463032 0 0 0.000463032
80.866 0 0 -0.000388255 0 0 0.000388255
65.4489 0 0 -0.000314234 0 0 0.000314234
49.8165 0 0 -0.00023918 0 0 0.00023918
34.5433 0 0 -0.00016585 0 0 0.00016585
18.8782 0 0 -9.06383e-05 0 0 9.06383e-05
3.46414 0 0 -1.66321e-05 0 0 1.66321e-05
-11.9774 0 0 5.75059e-05 0 0 -5.75059e-05
-27.3661 0 0 0.000131391 0 0 -0.000131391
-42.7612 0 0 0.000205306 0 0 -0.000205306
-58.4063 0 0 0.000280421 0 0 -0.000280421
-73.7861 0 0 0.000354263 0 0 -0.000354263
-89.3638 0 0 0.000429055 0 0 -0.000429055
-104.831 0 0 0.000503317 0 0 -0.000503317
-120.271 0 0 0.000577447 0 0 -0.000577447
-135.829 0 0 0.000652145 0 0 -0.000652145
-151.156 0 0 0.000725735 0 0 -0.000725735
-166.58 0 0 0.000799786 0 0 -0.000799786
-182.234 0 0 0.000874946 0 0 -0.000874946
-197.499 0 0 0.000948237 0 0 -0.000948237
-212.998 0 0 0.00102265 0 0 -0.00102265
-228.438 0 0 0.00109678 0 0 -0.00109678
-243.99 0 0 0.00117145 0 0 -0.00117145
-259.492 0 0 0.00124588 0 0 -0.00124588
-274.991 0 0 0.00132029 0 0 -0.00132029
-290.468 0 0 0.0013946 0 0 -0.0013946
-305.887 0 0 0.00146863 0 0 -0.00146863
-321.299 0 0 0.00154263 0 0 -0.00154263
-336.965 0 0 0.00161784 0 0 -0.00161784
-352.351 0 0 0.00169171 0 0 -0.00169171
-367.821 0 0 0.00176599 0 0 -0.00176599
-383.098 0 0 0.00183934 0 0 -0.00183934
-398.782 0 0 0.00191464 0 0 -0.00191464
-414.054 0 0 0.00198796 0 0 -0.00198796
-429.677 0 0 0.00206297 0 0 -0.00206297
-445.148 0 0 0.00213725 0 0 -0.00213725
-452.817 0 0 0.00217407 0 0 -0.00217407
-436.399 0 0 0.00209525 0 0 -0.00209525
-420.566 0 0 0.00201923 0 0 -0.00201923
-404.934 0 0 0.00194418 0 0 -0.00194418
-389.433 0 0 0.00186975 0 0 -0.00186975
-373.858 0 0 0.00179497 0 0 -0.00179497
-358.4 0 0 0.00172076 0 0 -0.00172076
-342.959 0 0 0.00164662 0 0 -0.00164662
-327.612 0 0 0.00157293 0 0 -0.00157293
-312.028 0 0 0.00149811 0 0 -0.00149811
-296.614 0 0 0.00142411 0 0 -0.00142411
-280.902 0 0 0.00134867 0 0 -0.00134867
-265.624 0 0 0.00127532 0 0 -0.00127532
-250.105 0 0 0.00120081 0 0 -0.00120081
-234.72 0 0 0.00112694 0 0 -0.00112694
-219.14 0 0 0.00105214 0 0 -0.00105214
-203.613 0 0 0.00097759 0 0 -0.00097759
-188.328 0 0 0.000904205 0 0 -0.000904205
-172.832 0 0 0.000829805 0 0 -0.000829805
-157.307 0 0 0.000755263 0 0 -0.000755263
-141.685 0 0 0.000680262 0 0 -0.000680262
-126.3 0 0 0.000606393 0 0 -0.000606393
-110.897 0 0 0.00053244 0 0 -0.00053244
-95.2931 0 0 0.000457523 0 0 -0.000457523
-79.9925 0 0 0.000384062 0 0 -0.000384062
-64.6251 0 0 0.000310279 0 0 -0.000310279
-49.0719 0 0 0.000235605 0 0 -0.000235605
-33.5341 0 0 0.000161004 0 0 -0.000161004
-18.1958 0 0 8.73619e-05 0 0 -8.73619e-05
-2.47429 0 0 1.18796e-05 0 0 -1.18796e-05
12.9176 0 0 -6.20202e-05 0 0 6.20202e-05
28.4159 0 0 -0.000136431 0 0 0.000136431
43.7781 0 0 -0.000210188 0 0 0.000210188
59.4241 0 0 -0.000285308 0 0 0.000285308
74.7006 0 0 -0.000358654 0 0 0.000358654
90.2029 0 0 -0.000433083 0 0 0.000433083
105.782 0 0 -0.000507882 0 0 0.000507882
121.031 0 0 -0.000581094 0 0 0.000581094
136.611 0 0 -0.000655898 0 0 0.000655898
152.147 0 0 -0.000730491 0 0 0.000730491
167.583 0 0 -0.000804603 0 0 0.000804603
183.019 0 0 -0.000878715 0 0 0.000878715
198.516 0 0 -0.000953118 0 0 0.000953118
213.967 0 0 -0.0010273 0 0 0.0010273
229.388 0 0 -0.00110134 0 0 0.00110134
244.836 0 0 -0.00117551 0 0 0.00117551
260.511 0 0 -0.00125077 0 0 0.00125077
275.825 0 0 -0.0013243 0 0 0.0013243
291.278 0 0 -0.00139849 0 0 0.00139849
306.71 0 0 -0.00147258 0 0 0.00147258
322.26 0 0 -0.00154724 0 0 0.00154724
337.631 0 0 -0.00162104 0 0 0.00162104
353.228 0 0 -0.00169592 0 0 0.00169592
368.566 0 0 -0.00176956 0 0 0.00176956
384.114 0 0 -0.00184421 0 0 0.00184421
399.653 0 0 -0.00191882 0 0 0.00191882
415.138 0 0 -0.00199317 0 0 0.00199317
430.588 0 0 -0.00206735 0 0 0.00206735
445.863 0 0 -0.00214069 0 0 0.00214069
452.619 0 0 -0.00217312 0 0 0.00217312
437.245 0 0 -0.00209931 0 0 0.00209931
421.584 0 0 -0.00202412 0 0 0.00202412
405.906 0 0 -0.00194884 0 0 0.00194884
390.343 0 0 -0.00187412 0 0 0.00187412
374.941 0 0 -0.00180017 0 0 0.00180017
359.437 0 0 -0.00172574 0 0 0.00172574
343.986 0 0 -0.00165155 0 0 0.00165155
328.416 0 0 -0.0015768 0 0 0.0015768
312.924 0 0 -0.00150241 0 0 0.00150241
297.601 0 0 -0.00142884 0 0 0.00142884
282.058 0 0 -0.00135422 0 0 0.00135422
266.593 0 0 -0.00127997 0 0 0.00127997
251.195 0 0 -0.00120604 0 0 0.00120604
235.778 0 0 -0.00113202 0 0 0.00113202
220.152 0 0 -0.001057 0 0 0.001057
204.746 0 0 -0.00098303 0 0 0.00098303
189.159 0 0 -0.000908195 0 0 0.000908195
173.73 0 0 -0.000834116 0 0 0.000834116
158.423 0 0 -0.000760623 0 0 0.000760623
142.692 0 0 -0.000685095 0 0 0.000685095
127.326 0 0 -0.00061132 0 0 0.00061132
111.859 0 0 -0.000537058 0 0 0.000537058
96.4807 0 0 -0.000463225 0 0 0.000463225
80.9038 0 0 -0.000388437 0 0 0.000388437
65.4868 0 0 -0.000314416 0 0 0.000314416
49.9668 0 0 -0.000239901 0 0 0.000239901
34.4428 0 0 -0.000165367 0 0 0.000165367
18.9623 0 0 -9.10419e-05 0 0 9.10419e-05
3.70963 0 0 -1.78108e-05 0 0 1.78108e-05
-11.9776 0 0 5.75069e-05 0 0 -5.75069e-05
-27.3133 0 0 0.000131137 0 0 -0.000131137
-42.7947 0 0 0.000205466 0 0 -0.000205466
-58.2124 0 0 0.00027949 0 0 -0.00027949
-73.7446 0 0 0.000354064 0 0 -0.000354064
-89.2977 0 0 0.000428737 0 0 -0.000428737
-104.697 0 0 0.000502671 0 0 -0.000502671
-120.081 0 0 0.000576533 0 0 -0.000576533
-135.616 0 0 0.00065112 0 0 -0.00065112
-151.144 0 0 0.000725676 0 0 -0.000725676
-166.615 0 0 0.000799953 0 0 -0.000799953
-182.1 0 0 0.000874303 0 0 -0.000874303
-197.57 0 0 0.000948575 0 0 -0.000948575
-213.163 0 0 0.00102344 0 0 -0.00102344
-228.384 0 0 0.00109652 0 0 -0.00109652
-243.879 0 0 0.00117092 0 0 -0.00117092
-259.494 0 0 0.00124589 0 0 -0.00124589
-274.8 0 0 0.00131937 0 0 -0.00131937
-290.38 0 0 0.00139418 0 0 -0.00139418
-305.86 0 0 0.0014685 0 0 -0.0014685
-321.287 0 0 0.00154257 0 0 -0.00154257
-336.754 0 0 0.00161683 0 0 -0.00161683
-352.024 0 0 0.00169014 0 0 -0.00169014
-367.956 0 0 0.00176664 0 0 -0.00176664
-383.263 0 0 0.00184013 0 0 -0.00184013
-398.497 0 0 0.00191327 0 0 -0.00191327
-414.047 0 0 0.00198793 0 0 -0.00198793
-429.418 0 0 0.00206173 0 0 -0.00206173
-445.174 0 0 0.00213737 0 0 -0.00213737
-452.748 0 0 0.00217374 0 0 -0.00217374
-429.258 0 0 0.00206096 0 0 -0.00206096
-405.61 0 0 0.00194742 0 0 -0.00194742
-382.237 0 0 0.0018352 0 0 -0.0018352
-358.931 0 0 0.0017233 0 0 -0.0017233
-335.858 0 0 0.00161253 0 0 -0.00161253
-312.519 0 0 0.00150047 0 0 -0.00150047
-289.187 0 0 0.00138845 0 0 -0.00138845
-266.016 0 0 0.0012772 0 0 -0.0012772
-243.035 0 0 0.00116686 0 0 -0.00116686
-219.734 0 0 0.00105499 0 0 -0.00105499
-196.41 0 0 0.000943009 0 0 -0.000943009
-173.19 0 0 0.000831524 0 0 -0.000831524
-150.026 0 0 0.000720307 0 0 -0.000720307
-126.768 0 0 0.000608643 0 0 -0.000608643
-103.774 0 0 0.00049824 0 0 -0.00049824
-80.3892 0 0 0.000385966 0 0 -0.000385966
-57.347 0 0 0.000275335 0 0 -0.000275335
-34.0688 0 0 0.000163572 0 0 -0.000163572
-10.7411 0 0 5.15703e-05 0 0 -5.15703e-05
12.4386 0 0 -5.97204e-05 0 0 5.97204e-05
35.4732 0 0 -0.000170315 0 0 0.000170315
58.7506 0 0 -0.000282074 0 0 0.000282074
81.9959 0 0 -0.00039368 0 0 0.00039368
105.27 0 0 -0.000505425 0 0 0.000505425
128.325 0 0 -0.000616114 0 0 0.000616114
151.595 0 0 -0.00072784 0 0 0.00072784
174.72 0 0 -0.000838868 0 0 0.000838868
197.87 0 0 -0.000950017 0 0 0.000950017
221.154 0 0 -0.00106181 0 0 0.00106181
244.429 0 0 -0.00117356 0 0 0.00117356
267.595 0 0 -0.00128478 0 0 0.00128478
290.786 0 0 -0.00139613 0 0 0.00139613
313.943 0 0 -0.00150731 0 0 0.00150731
337.156 0 0 -0.00161876 0 0 0.00161876
360.442 0 0 -0.00173056 0 0 0.00173056
383.639 0 0 -0.00184193 0 0 0.00184193
406.85 0 0 -0.00195338 0 0 0.00195338
429.97 0 0 -0.00206438 0 0 0.00206438
453.252 0 0 -0.00217616 0 0 0.00217616
476.396 0 0 -0.00228728 0 0 0.00228728
499.703 0 0 -0.00239918 0 0 0.00239918
522.703 0 0 -0.00250961 0 0 0.00250961
545.982 0 0 -0.00262138 0 0 0.00262138
569.214 0 0 -0.00273292 0 0 0.00273292
592.427 0 0 -0.00284437 0 0 0.00284437
603.531 0 0 -0.00289768 0 0 0.00289768
579.667 0 0 -0.00278311 0 0 0.00278311
556.211 0 0 -0.00267049 0 0 0.00267049
532.757 0 0 -0.00255788 0 0 0.00255788
509.445 0 0 -0.00244595 0 0 0.00244595
486.317 0 0 -0.00233491 0 0 0.00233491
463.097 0 0 -0.00222343 0 0 0.00222343
439.848 0 0 -0.00211181 0 0 0.00211181
416.485 0 0 -0.00199963 0 0 0.00199963
393.435 0 0 -0.00188897 0 0 0.00188897
370.09 0 0 -0.00177688 0 0 0.00177688
347.06 0 0 -0.00166631 0 0 0.00166631
323.686 0 0 -0.00155408 0 0 0.00155408
300.403 0 0 -0.0014423 0 0 0.0014423
277.405 0 0 -0.00133188 0 0 0.00133188
254.015 0 0 -0.00121958 0 0 0.00121958
230.81 0 0 -0.00110817 0 0 0.00110817
207.62 0 0 -0.000996828 0 0 0.000996828
184.38 0 0 -0.000885248 0 0 0.000885248
161.214 0 0 -0.000774023 0 0 0.000774023
138.163 0 0 -0.000663352 0 0 0.000663352
114.801 0 0 -0.000551183 0 0 0.000551183
91.5366 0 0 -0.000439487 0 0 0.000439487
68.2848 0 0 -0.00032785 0 0 0.00032785
45.3058 0 0 -0.000217523 0 0 0.000217523
22.1103 0 0 -0.000106156 0 0 0.000106156
-1.10848 0 0 5.32207e-06 0 0 -5.32207e-06
-24.4195 0 0 0.000117243 0 0 -0.000117243
-47.4566 0 0 0.00022785 0 0 -0.00022785
-70.8131 0 0 0.000339989 0 0 -0.000339989
-93.9902 0 0 0.000451267 0 0 -0.000451267
-117.225 0 0 0.000562824 0 0 -0.000562824
-140.359 0 0 0.000673895 0 0 -0.000673895
-163.656 0 0 0.00078575 0 0 -0.00078575
-186.744 0 0 0.000896597 0 0 -0.000896597
-209.949 0 0 0.00100801 0 0 -0.00100801
-233.3 0 0 0.00112013 0 0 -0.00112013
-256.263 0 0 0.00123037 0 0 -0.00123037
-279.557 0 0 0.00134221 0 0 -0.00134221
-302.766 0 0 0.00145364 0 0 -0.00145364
-326.118 0 0 0.00156576 0 0 -0.00156576
-349.043 0 0 0.00167583 0 0 -0.00167583
-372.744 0 0 0.00178962 0 0 -0.00178962
-395.654 0 0 0.00189962 0 0 -0.00189962
-418.876 0 0 0.00201111 0 0 -0.00201111
-442.075 0 0 0.0021225 0 0 -0.0021225
-465.185 0 0 0.00223345 0 0 -0.00223345
-488.463 0 0 0.00234522 0 0 -0.00234522
-511.68 0 0 0.00245669 0 0 -0.00245669
-534.705 0 0 0.00256723 0 0 -0.00256723
-558.166 0 0 0.00267987 0 0 -0.00267987
-581.197 0 0 0.00279045 0 0 -0.00279045
-603.715 0 0 0.00289857 0 0 -0.00289857
-603.715 0 0 0.00289857 0 0 -0.00289857
-579.766 0 0 0.00278358 0 0 -0.00278358
-556.197 0 0 0.00267042 0 0 -0.00267042
-533.049 0 0 0.00255928 0 0 -0.00255928
-509.401 0 0 0.00244574 0 0 -0.00244574
-486.176 0 0 0.00233424 0 0 -0.00233424
-463.162 0 0 0.00222374 0 0 -0.00222374
-439.752 0 0 0.00211135 0 0 -0.00211135
-416.68 0 0 0.00200057 0 0 -0.00200057
-393.425 0 0 0.00188892 0 0 -0.00188892
-370.152 0 0 0.00177718 0 0 -0.00177718
-347.003 0 0 0.00166604 0 0 -0.00166604
-323.825 0 0 0.00155475 0 0 -0.00155475
-300.429 0 0 0.00144243 0 0 -0.00144243
-277.29 0 0 0.00133133 0 0 -0.00133133
-254.151 0 0 0.00122023 0 0 -0.00122023
-230.916 0 0 0.00110868 0 0 -0.00110868
-207.744 0 0 0.000997423 0 0 -0.000997423
-184.539 0 0 0.000886011 0 0 -0.000886011
-161.35 0 0 0.000774674 0 0 -0.000774674
-138.205 0 0 0.000663553 0 0 -0.000663553
-114.988 0 0 0.00055208 0 0 -0.00055208
-91.6556 0 0 0.000440058 0 0 -0.000440058
-68.61 0 0 0.000329412 0 0 -0.000329412
-45.3492 0 0 0.000217731 0 0 -0.000217731
-22.0397 0 0 0.000105817 0 0 -0.000105817
1.07716 0 0 -5.17168e-06 0 0 5.17168e-06
24.4396 0 0 -0.00011734 0 0 0.00011734
47.5354 0 0 -0.000228228 0 0 0.000228228
70.7384 0 0 -0.000339631 0 0 0.000339631
93.9249 0 0 -0.000450954 0 0 0.000450954
117.031 0 0 -0.000561893 0 0 0.000561893
140.242 0 0 -0.000673334 0 0 0.000673334
163.409 0 0 -0.000784564 0 0 0.000784564
186.6 0 0 -0.000895907 0 0 0.000895907
210.016 0 0 -0.00100833 0 0 0.00100833
233.078 0 0 -0.00111906 0 0 0.00111906
256.257 0 0 -0.00123034 0 0 0.00123034
279.648 0 0 -0.00134265 0 0 0.00134265
302.659 0 0 -0.00145313 0 0 0.00145313
325.906 0 0 -0.00156474 0 0 0.00156474
349.192 0 0 -0.00167655 0 0 0.00167655
372.475 0 0 -0.00178833 0 0 0.00178833
395.539 0 0 -0.00189907 0 0 0.00189907
418.69 0 0 -0.00201022 0 0 0.00201022
441.942 0 0 -0.00212186 0 0 0.00212186
465.191 0 0 -0.00223348 0 0 0.00223348
488.392 0 0 -0.00234487 0 0 0.00234487
511.648 0 0 -0.00245654 0 0 0.00245654
534.697 0 0 -0.0025672 0 0 0.0025672
558.006 0 0 -0.00267911 0 0 0.00267911
581.121 0 0 -0.00279009 0 0 0.00279009
603.603 0 0 -0.00289803 0 0 0.00289803
603.603 0 0 -0.00289803 0 0 0.00289803
579.725 0 0 -0.00278339 0 0 0.00278339
556.231 0 0 -0.00267058 0 0 0.00267058
532.923 0 0 -0.00255868 0 0 0.00255868
509.566 0 0 -0.00244653 0 0 0.00244653
486.269 0 0 -0.00233468 0 0 0.00233468
463.167 0 0 -0.00222376 0 0 0.00222376
439.96 0 0 -0.00211234 0 0 0.00211234
416.575 0 0 -0.00200007 0 0 0.00200007
393.408 0 0 -0.00188884 0 0 0.00188884
370.248 0 0 -0.00177764 0 0 0.00177764
347.113 0 0 -0.00166657 0 0 0.00166657
323.79 0 0 -0.00155458 0 0 0.00155458
300.647 0 0 -0.00144347 0 0 0.00144347
277.369 0 0 -0.00133171 0 0 0.00133171
254.102 0 0 -0.00122 0 0 0.00122
231.105 0 0 -0.00110959 0 0 0.00110959
207.717 0 0 -0.000997293 0 0 0.000997293
184.665 0 0 -0.000886618 0 0 0.000886618
161.306 0 0 -0.000774464 0 0 0.000774464
138.23 0 0 -0.00066367 0 0 0.00066367
114.941 0 0 -0.000551858 0 0 0.000551858
91.7905 0 0 -0.000440706 0 0 0.000440706
68.5008 0 0 -0.000328887 0 0 0.000328887
45.3893 0 0 -0.000217924 0 0 0.000217924
21.9311 0 0 -0.000105296 0 0 0.000105296
-1.00911 0 0 4.84498e-06 0 0 -4.84498e-06
-24.1299 0 0 0.000115853 0 0 -0.000115853
-47.383 0 0 0.000227496 0 0 -0.000227496
-70.577 0 0 0.000338856 0 0 -0.000338856
-93.8745 0 0 0.000450712 0 0 -0.000450712
-116.985 0 0 0.000561669 0 0 -0.000561669
-140.14 0 0 0.000672842 0 0 -0.000672842
-163.468 0 0 0.000784847 0 0 -0.000784847
-186.677 0 0 0.000896277 0 0 -0.000896277
-209.89 0 0 0.00100773 0 0 -0.00100773
-233.088 0 0 0.0011191 0 0 -0.0011191
-256.273 0 0 0.00123042 0 0 -0.00123042
-279.471 0 0 0.0013418 0 0 -0.0013418
-302.614 0 0 0.00145292 0 0 -0.00145292
-325.913 0 0 0.00156478 0 0 -0.00156478
-349.048 0 0 0.00167586 0 0 -0.00167586
-372.315 0 0 0.00178756 0 0 -0.00178756
-395.446 0 0 0.00189862 0 0 -0.00189862
-418.682 0 0 0.00201018 0 0 -0.00201018
-441.94 0 0 0.00212185 0 0 -0.00212185
-465.147 0 0 0.00223327 0 0 -0.00223327
-488.263 0 0 0.00234426 0 0 -0.00234426
-511.602 0 0 0.00245631 0 0 -0.00245631
-534.639 0 0 0.00256692 0 0 -0.00256692
-557.945 0 0 0.00267881 0 0 -0.00267881
-581.235 0 0 0.00279063 0 0 -0.00279063
-603.542 0 0 0.00289774 0 0 -0.00289774
-603.542 0 0 0.00289774 0 0 -0.00289774
-564.09 0 0 0.00270832 0 0 -0.00270832
-524.854 0 0 0.00251994 0 0 -0.00251994
-485.913 0 0 0.00233298 0 0 -0.00233298
-447.059 0 0 0.00214643 0 0 -0.00214643
-408.48 0 0 0.0019612 0 0 -0.0019612
-369.615 0 0 0.0017746 0 0 -0.0017746
-331.037 0 0 0.00158938 0 0 -0.00158938
-292.291 0 0 0.00140335 0 0 -0.00140335
-253.616 0 0 0.00121766 0 0 -0.00121766
-214.952 0 0 0.00103203 0 0 -0.00103203
-176.292 0 0 0.000846414 0 0 -0.000846414
-137.769 0 0 0.000661459 0 0 -0.000661459
-98.9117 0 0 0.000474896 0 0 -0.000474896
-60.2532 0 0 0.000289289 0 0 -0.000289289
-21.5695 0 0 0.00010356 0 0 -0.00010356
17.1173 0 0 -8.21841e-05 0 0 8.21841e-05
55.7378 0 0 -0.000267609 0 0 0.000267609
94.3388 0 0 -0.000452941 0 0 0.000452941
133.146 0 0 -0.000639264 0 0 0.000639264
171.649 0 0 -0.000824124 0 0 0.000824124
210.405 0 0 -0.0010102 0 0 0.0010102
249.036 0 0 -0.00119567 0 0 0.00119567
287.762 0 0 -0.00138161 0 0 0.00138161
326.407 0 0 -0.00156715 0 0 0.00156715
365.04 0 0 -0.00175264 0 0 0.00175264
403.7 0 0 -0.00193825 0 0 0.00193825
442.505 0 0 -0.00212456 0 0 0.00212456
481.039 0 0 -0.00230957 0 0 0.00230957
519.795 0 0 -0.00249565 0 0 0.00249565
558.604 0 0 -0.00268198 0 0 0.00268198
597.226 0 0 -0.00286741 0 0 0.00286741
635.746 0 0 -0.00305235 0 0 0.00305235
674.465 0 0 -0.00323825 0 0 0.00323825
713.208 0 0 -0.00342427 0 0 0.00342427
751.863 0 0 -0.00360986 0 0 0.00360986
790.448 0 0 -0.00379511 0 0 0.00379511
829.208 0 0 -0.00398121 0 0 0.00398121
867.938 0 0 -0.00416716 0 0 0.00416716
905.299 0 0 -0.00434654 0 0 0.00434654
905.299 0 0 -0.00434654 0 0 0.00434654
865.957 0 0 -0.00415765 0 0 0.00415765
826.673 0 0 -0.00396904 0 0 0.00396904
787.753 0 0 -0.00378218 0 0 0.00378218
748.914 0 0 -0.0035957 0 0 0.0035957
710.193 0 0 -0.00340979 0 0 0.00340979
671.747 0 0 -0.0032252 0 0 0.0032252
632.878 0 0 -0.00303859 0 0 0.00303859
594.072 0 0 -0.00285227 0 0 0.00285227
555.507 0 0 -0.00266711 0 0 0.00266711
516.723 0 0 -0.0024809 0 0 0.0024809
478.27 0 0 -0.00229628 0 0 0.00229628
439.433 0 0 -0.00210981 0 0 0.00210981
400.727 0 0 -0.00192398 0 0 0.00192398
361.974 0 0 -0.00173792 0 0 0.00173792
323.383 0 0 -0.00155263 0 0 0.00155263
284.734 0 0 -0.00136707 0 0 0.00136707
246.254 0 0 -0.00118232 0 0 0.00118232
207.304 0 0 -0.000995309 0 0 0.000995309
168.731 0 0 -0.000810116 0 0 0.000810116
129.953 0 0 -0.000623933 0 0 0.000623933
91.1515 0 0 -0.000437638 0 0 0.000437638
52.6593 0 0 -0.000252829 0 0 0.000252829
14.0009 0 0 -6.72213e-05 0 0 6.72213e-05
-24.6864 0 0 0.000118525 0 0 -0.000118525
-63.1796 0 0 0.000303339 0 0 -0.000303339
-102.008 0 0 0.000489764 0 0 -0.000489764
-140.72 0 0 0.000675628 0 0 -0.000675628
-179.468 0 0 0.000861665 0 0 -0.000861665
-218.003 0 0 0.00104668 0 0 -0.00104668
-256.762 0 0 0.00123277 0 0 -0.00123277
-295.467 0 0 0.0014186 0 0 -0.0014186
-334.104 0 0 0.00160411 0 0 -0.00160411
-372.826 0 0 0.00179002 0 0 -0.00179002
-411.463 0 0 0.00197552 0 0 -0.00197552
-450.1 0 0 0.00216103 0 0 -0.00216103
-488.777 0 0 0.00234672 0 0 -0.00234672
-527.378 0 0 0.00253206 0 0 -0.00253206
-566.113 0 0 0.00271803 0 0 -0.00271803
-604.805 0 0 0.0029038 0 0 -0.0029038
-643.337 0 0 0.0030888 0 0 -0.0030888
-682.193 0 0 0.00327536 0 0 -0.00327536
-720.813 0 0 0.00346078 0 0 -0.00346078
-759.535 0 0 0.00364669 0 0 -0.00364669
-798.216 0 0 0.00383241 0 0 -0.00383241
-836.99 0 0 0.00401857 0 0 -0.00401857
-875.64 0 0 0.00420414 0 0 -0.00420414
-905.551 0 0 0.00434775 0 0 -0.00434775
-866.297 0 0 0.00415928 0 0 -0.00415928
-826.75 0 0 0.0039694 0 0 -0.0039694
-787.84 0 0 0.00378259 0 0 -0.00378259
-748.96 0 0 0.00359592 0 0 -0.00359592
-710.287 0 0 0.00341024 0 0 -0.00341024
-671.559 0 0 0.0032243 0 0 -0.0032243
-632.733 0 0 0.00303789 0 0 -0.00303789
-594.197 0 0 0.00285287 0 0 -0.00285287
-555.378 0 0 0.00266649 0 0 -0.00266649
-516.862 0 0 0.00248157 0 0 -0.00248157
-478.208 0 0 0.00229598 0 0 -0.00229598
-439.575 0 0 0.00211049 0 0 -0.00211049
-400.716 0 0 0.00192392 0 0 -0.00192392
-362.053 0 0 0.0017383 0 0 -0.0017383
-323.432 0 0 0.00155287 0 0 -0.00155287
-284.796 0 0 0.00136737 0 0 -0.00136737
-246.145 0 0 0.0011818 0 0 -0.0011818
-207.465 0 0 0.000996084 0 0 -0.000996084
-168.718 0 0 0.00081005 0 0 -0.00081005
-130.059 0 0 0.000624439 0 0 -0.000624439
-91.3723 0 0 0.000438698 0 0 -0.000438698
-52.8374 0 0 0.000253684 0 0 -0.000253684
-14.141 0 0 6.78939e-05 0 0 -6.78939e-05
24.6158 0 0 -0.000118186 0 0 0.000118186
63.1962 0 0 -0.000303419 0 0 0.000303419
101.924 0 0 -0.00048936 0 0 0.00048936
140.555 0 0 -0.000674836 0 0 0.000674836
179.157 0 0 -0.00086017 0 0 0.00086017
217.937 0 0 -0.00104637 0 0 0.00104637
256.623 0 0 -0.0012321 0 0 0.0012321
295.24 0 0 -0.00141751 0 0 0.00141751
333.988 0 0 -0.00160355 0 0 0.00160355
372.515 0 0 -0.00178853 0 0 0.00178853
411.246 0 0 -0.00197448 0 0 0.00197448
450.018 0 0 -0.00216063 0 0 0.00216063
488.778 0 0 -0.00234673 0 0 0.00234673
527.442 0 0 -0.00253236 0 0 0.00253236
566.08 0 0 -0.00271787 0 0 0.00271787
604.72 0 0 -0.00290339 0 0 0.00290339
643.374 0 0 -0.00308898 0 0 0.00308898
681.952 0 0 -0.0032742 0 0 0.0032742
720.823 0 0 -0.00346083 0 0 0.00346083
759.412 0 0 -0.0036461 0 0 0.0036461
798.1 0 0 -0.00383185 0 0 0.00383185
836.767 0 0 -0.0040175 0 0 0.0040175
875.513 0 0 -0.00420353 0 0 0.00420353
905.326 0 0 -0.00434667 0 0 0.00434667
866.145 0 0 -0.00415855 0 0 0.00415855
826.943 0 0 -0.00397033 0 0 0.00397033
787.88 0 0 -0.00378278 0 0 0.00378278
749.051 0 0 -0.00359635 0 0 0.00359635
710.265 0 0 -0.00341014 0 0 0.00341014
671.88 0 0 -0.00322584 0 0 0.00322584
633.099 0 0 -0.00303965 0 0 0.00303965
594.333 0 0 -0.00285352 0 0 0.00285352
555.664 0 0 -0.00266786 0 0 0.00266786
516.969 0 0 -0.00248208 0 0 0.00248208
478.357 0 0 -0.0022967 0 0 0.0022967
439.554 0 0 -0.0021104 0 0 0.0021104
400.889 0 0 -0.00192476 0 0 0.00192476
362.264 0 0 -0.00173931 0 0 0.00173931
323.462 0 0 -0.00155301 0 0 0.00155301
284.914 0 0 -0.00136793 0 0 0.00136793
246.214 0 0 -0.00118212 0 0 0.00118212
207.658 0 0 -0.00099701 0 0 0.00099701
168.729 0 0 -0.000810103 0 0 0.000810103
130.172 0 0 -0.000624986 0 0 0.000624986
91.4655 0 0 -0.000439146 0 0 0.000439146
52.7078 0 0 -0.000253061 0 0 0.000253061
14.1399 0 0 -6.78887e-05 0 0 6.78887e-05
-24.49 0 0 0.000117582 0 0 -0.000117582
-63.2377 0 0 0.000303618 0 0 -0.000303618
-101.787 0 0 0.0004887 0 0 -0.0004887
-140.59 0 0 0.000675005 0 0 -0.000675005
-179.292 0 0 0.00086082 0 0 -0.00086082
-217.885 0 0 0.00104611 0 0 -0.00104611
-256.602 0 0 0.001232 0 0 -0.001232
-295.198 0 0 0.00141731 0 0 -0.00141731
-333.978 0 0 0.0016035 0 0 -0.0016035
-372.61 0 0 0.00178898 0 0 -0.00178898
-411.279 0 0 0.00197464 0 0 -0.00197464
-449.99 0 0 0.0021605 0 0 -0.0021605
-488.513 0 0 0.00234546 0 0 -0.00234546
-527.314 0 0 0.00253175 0 0 -0.00253175
-565.968 0 0 0.00271734 0 0 -0.00271734
-604.651 0 0 0.00290306 0 0 -0.00290306
-643.325 0 0 0.00308874 0 0 -0.00308874
-681.952 0 0 0.0032742 0 0 -0.0032742
-720.621 0 0 0.00345986 0 0 -0.00345986
-759.233 0 0 0.00364524 0 0 -0.00364524
-797.915 0 0 0.00383096 0 0 -0.00383096
-836.748 0 0 0.00401741 0 0 -0.00401741
-875.315 0 0 0.00420258 0 0 -0.00420258
-905.506 0 0 0.00434753 0 0 -0.00434753
-864.814 0 0 0.00415216 0 0 -0.00415216
-825.379 0 0 0.00396282 0 0 -0.00396282
-786.392 0 0 0.00377564 0 0 -0.00377564
-747.541 0 0 0.00358911 0 0 -0.00358911
-708.881 0 0 0.00340349 0 0 -0.00340349
-670.098 0 0 0.00321729 0 0 -0.00321729
-631.407 0 0 0.00303152 0 0 -0.00303152
-592.871 0 0 0.0028465 0 0 -0.0028465
-554.162 0 0 0.00266065 0 0 -0.00266065
-515.504 0 0 0.00247505 0 0 -0.00247505
-476.801 0 0 0.00228923 0 0 -0.00228923
-438.1 0 0 0.00210341 0 0 -0.00210341
-399.44 0 0 0.0019178 0 0 -0.0019178
-360.699 0 0 0.00173179 0 0 -0.00173179
-322.109 0 0 0.00154651 0 0 -0.00154651
-283.336 0 0 0.00136036 0 0 -0.00136036
-244.726 0 0 0.00117498 0 0 -0.00117498
-206.099 0 0 0.000989525 0 0 -0.000989525
-167.388 0 0 0.000803666 0 0 -0.000803666
-128.618 0 0 0.000617523 0 0 -0.000617523
-89.9542 0 0 0.000431889 0 0 -0.000431889
-51.3948 0 0 0.000246758 0 0 -0.000246758
-12.6855 0 0 6.0906e-05 0 0 -6.0906e-05
25.8618 0 0 -0.000124168 0 0 0.000124168
64.6144 0 0 -0.000310227 0 0 0.000310227
103.237 0 0 -0.000495662 0 0 0.000495662
142.01 0 0 -0.000681821 0 0 0.000681821
180.691 0 0 -0.000867538 0 0 0.000867538
219.282 0 0 -0.00105282 0 0 0.00105282
257.934 0 0 -0.00123839 0 0 0.00123839
296.677 0 0 -0.00142441 0 0 0.00142441
335.324 0 0 -0.00160996 0 0 0.00160996
373.948 0 0 -0.00179541 0 0 0.00179541
412.627 0 0 -0.00198111 0 0 0.00198111
451.379 0 0 -0.00216717 0 0 0.00216717
490.114 0 0 -0.00235314 0 0 0.00235314
528.752 0 0 -0.00253865 0 0 0.00253865
567.42 0 0 -0.00272431 0 0 0.00272431
606.042 0 0 -0.00290974 0 0 0.00290974
644.748 0 0 -0.00309557 0 0 0.00309557
683.393 0 0 -0.00328112 0 0 0.00328112
722.168 0 0 -0.00346728 0 0 0.00346728
760.68 0 0 -0.00365219 0 0 0.00365219
799.426 0 0 -0.00383822 0 0 0.00383822
838.169 0 0 -0.00402423 0 0 0.00402423
876.716 0 0 -0.0042093 0 0 0.0042093
905.439 0 0 -0.00434721 0 0 0.00434721
866.371 0 0 -0.00415963 0 0 0.00415963
827.026 0 0 -0.00397073 0 0 0.00397073
788.07 0 0 -0.0037837 0 0 0.0037837
749.387 0 0 -0.00359797 0 0 0.00359797
710.598 0 0 -0.00341173 0 0 0.00341173
672.035 0 0 -0.00322658 0 0 0.00322658
633.117 0 0 -0.00303973 0 0 0.00303973
594.569 0 0 -0.00285465 0 0 0.00285465
555.871 0 0 -0.00266886 0 0 0.00266886
517.102 0 0 -0.00248272 0 0 0.00248272
478.357 0 0 -0.0022967 0 0 0.0022967
439.773 0 0 -0.00211145 0 0 0.00211145
401.029 0 0 -0.00192543 0 0 0.00192543
362.395 0 0 -0.00173994 0 0 0.00173994
323.547 0 0 -0.00155342 0 0 0.00155342
284.94 0 0 -0.00136806 0 0 0.00136806
246.327 0 0 -0.00118267 0 0 0.00118267
207.618 0 0 -0.000996821 0 0 0.000996821
169.065 0 0 -0.000811716 0 0 0.000811716
130.437 0 0 -0.000626254 0 0 0.000626254
91.7993 0 0 -0.000440748 0 0 0.000440748
52.8973 0 0 -0.000253972 0 0 0.000253972
14.2283 0 0 -6.83132e-05 0 0 6.83132e-05
-24.4072 0 0 0.000117184 0 0 -0.000117184
-63.119 0 0 0.000303048 0 0 -0.000303048
-101.713 0 0 0.000488344 0 0 -0.000488344
-140.382 0 0 0.000674004 0 0 -0.000674004
-179.058 0 0 0.000859698 0 0 -0.000859698
-217.652 0 0 0.001045 0 0 -0.001045
-256.315 0 0 0.00123062 0 0 -0.00123062
-295.045 0 0 0.00141658 0 0 -0.00141658
-333.859 0 0 0.00160293 0 0 -0.00160293
-372.235 0 0 0.00178718 0 0 -0.00178718
-411.046 0 0 0.00197352 0 0 -0.00197352
-449.664 0 0 0.00215893 0 0 -0.00215893
-488.578 0 0 0.00234577 0 0 -0.00234577
-527.106 0 0 0.00253075 0 0 -0.00253075
-565.828 0 0 0.00271666 0 0 -0.00271666
-604.401 0 0 0.00290186 0 0 -0.00290186
-643.155 0 0 0.00308793 0 0 -0.00308793
-681.644 0 0 0.00327272 0 0 -0.00327272
-720.538 0 0 0.00345946 0 0 -0.00345946
-759.051 0 0 0.00364437 0 0 -0.00364437
-797.756 0 0 0.0038302 0 0 -0.0038302
-836.508 0 0 0.00401626 0 0 -0.00401626
-875.112 0 0 0.0042016 0 0 -0.0042016
-905.492 0 0 0.00434747 0 0 -0.00434747
-866.593 0 0 0.0041607 0 0 -0.0041607
-827.188 0 0 0.00397151 0 0 -0.00397151
-788.22 0 0 0.00378442 0 0 -0.00378442
-749.229 0 0 0.00359721 0 0 -0.00359721
-710.567 0 0 0.00341159 0 0 -0.00341159
-672.014 0 0 0.00322648 0 0 -0.00322648
-633.174 0 0 0.00304001 0 0 -0.00304001
-594.465 0 0 0.00285415 0 0 -0.00285415
-555.822 0 0 0.00266862 0 0 -0.00266862
-517.133 0 0 0.00248287 0 0 -0.00248287
-478.626 0 0 0.00229799 0 0 -0.00229799
-439.68 0 0 0.002111 0 0 -0.002111
-401.247 0 0 0.00192647 0 0 -0.00192647
-362.46 0 0 0.00174025 0 0 -0.00174025
-323.803 0 0 0.00155465 0 0 -0.00155465
-285.187 0 0 0.00136925 0 0 -0.00136925
-246.435 0 0 0.00118319 0 0 -0.00118319
-207.803 0 0 0.000997706 0 0 -0.000997706
-169.207 0 0 0.0008124 0 0 -0.0008124
-130.416 0 0 0.000626155 0 0 -0.000626155
-91.693 0 0 0.000440238 0 0 -0.000440238
-53.0862 0 0 0.000254879 0 0 -0.000254879
-14.4713 0 0 6.94801e-05 0 0 -6.94801e-05
24.2105 0 0 -0.00011624 0 0 0.00011624
62.9959 0 0 -0.000302457 0 0 0.000302457
101.62 0 0 -0.000487899 0 0 0.000487899
140.219 0 0 -0.00067322 0 0 0.00067322
178.862 0 0 -0.000858755 0 0 0.000858755
217.59 0 0 -0.0010447 0 0 0.0010447
256.268 0 0 -0.0012304 0 0 0.0012304
295.01 0 0 -0.00141641 0 0 0.00141641
333.611 0 0 -0.00160174 0 0 0.00160174
372.348 0 0 -0.00178772 0 0 0.00178772
410.974 0 0 -0.00197317 0 0 0.00197317
449.685 0 0 -0.00215904 0 0 0.00215904
488.382 0 0 -0.00234483 0 0 0.00234483
527.087 0 0 -0.00253066 0 0 0.00253066
565.811 0 0 -0.00271658 0 0 0.00271658
604.379 0 0 -0.00290176 0 0 0.00290176
643.049 0 0 -0.00308742 0 0 0.00308742
681.595 0 0 -0.00327249 0 0 0.00327249
720.393 0 0 -0.00345876 0 0 0.00345876
759.011 0 0 -0.00364418 0 0 0.00364418
797.595 0 0 -0.00382942 0 0 0.00382942
836.215 0 0 -0.00401485 0 0 0.00401485
875.058 0 0 -0.00420135 0 0 0.00420135
905.488 0 0 -0.00434745 0 0 0.00434745
866.506 0 0 -0.00416028 0 0 0.00416028
827.271 0 0 -0.00397191 0 0 0.00397191
788.162 0 0 -0.00378414 0 0 0.00378414
749.457 0 0 -0.00359831 0 0 0.00359831
710.631 0 0 -0.00341189 0 0 0.00341189
672.148 0 0 -0.00322713 0 0 0.00322713
633.41 0 0 -0.00304114 0 0 0.00304114
594.644 0 0 -0.00285501 0 0 0.00285501
555.959 0 0 -0.00266928 0 0 0.00266928
517.384 0 0 -0.00248407 0 0 0.00248407
478.563 0 0 -0.00229768 0 0 0.00229768
439.945 0 0 -0.00211227 0 0 0.00211227
401.286 0 0 -0.00192666 0 0 0.00192666
362.564 0 0 -0.00174075 0 0 0.00174075
323.861 0 0 -0.00155493 0 0 0.00155493
285.216 0 0 -0.00136938 0 0 0.00136938
246.417 0 0 -0.0011831 0 0 0.0011831
207.773 0 0 -0.000997565 0 0 0.000997565
169.114 0 0 -0.000811954 0 0 0.000811954
130.644 0 0 -0.000627251 0 0 0.000627251
91.8746 0 0 -0.00044111 0 0 0.00044111
53.0871 0 0 -0.000254883 0 0 0.000254883
14.3575 0 0 -6.89334e-05 0 0 6.89334e-05
-24.2281 0 0 0.000116324 0 0 -0.000116324
-62.9121 0 0 0.000302054 0 0 -0.000302054
-101.537 0 0 0.000487503 0 0 -0.000487503
-140.293 0 0 0.000673577 0 0 -0.000673577
-178.906 0 0 0.000858967 0 0 -0.000858967
-217.469 0 0 0.00104412 0 0 -0.00104412
-256.214 0 0 0.00123014 0 0 -0.00123014
-294.914 0 0 0.00141595 0 0 -0.00141595
-333.544 0 0 0.00160142 0 0 -0.00160142
-372.283 0 0 0.00178741 0 0 -0.00178741
-410.851 0 0 0.00197259 0 0 -0.00197259
-449.566 0 0 0.00215846 0 0 -0.00215846
-488.473 0 0 0.00234526 0 0 -0.00234526
-527.161 0 0 0.00253102 0 0 -0.00253102
-565.602 0 0 0.00271558 0 0 -0.00271558
-604.491 0 0 0.00290229 0 0 -0.00290229
-643.103 0 0 0.00308768 0 0 -0.00308768
-681.708 0 0 0.00327303 0 0 -0.00327303
-720.358 0 0 0.0034586 0 0 -0.0034586
-758.937 0 0 0.00364382 0 0 -0.00364382
-797.676 0 0 0.00382981 0 0 -0.00382981
-836.296 0 0 0.00401524 0 0 -0.00401524
-874.882 0 0 0.0042005 0 0 -0.0042005
-905.478 0 0 0.00434739 0 0 -0.00434739
-843.519 0 0 0.00404992 0 0 -0.00404992
-780.566 0 0 0.00374767 0 0 -0.00374767
-718.274 0 0 0.00344859 0 0 -0.00344859
-656.34 0 0 0.00315123 0 0 -0.00315123
-594.23 0 0 0.00285303 0 0 -0.00285303
-532.369 0 0 0.00255602 0 0 -0.00255602
-470.486 0 0 0.00225891 0 0 -0.00225891
-408.602 0 0 0.00196179 0 0 -0.00196179
-346.741 0 0 0.00166478 0 0 -0.00166478
-284.884 0 0 0.00136779 0 0 -0.00136779
-222.948 0 0 0.00107042 0 0 -0.00107042
-161.066 0 0 0.000773314 0 0 -0.000773314
-99.059 0 0 0.000475604 0 0 -0.000475604
-37.4024 0 0 0.000179577 0 0 -0.000179577
24.3929 0 0 -0.000117115 0 0 0.000117115
86.4746 0 0 -0.000415183 0 0 0.000415183
148.324 0 0 -0.000712136 0 0 0.000712136
210.123 0 0 -0.00100885 0 0 0.00100885
272.036 0 0 -0.0013061 0 0 0.0013061
333.875 0 0 -0.00160301 0 0 0.00160301
395.849 0 0 -0.00190056 0 0 0.00190056
457.623 0 0 -0.00219715 0 0 0.00219715
519.591 0 0 -0.00249467 0 0 0.00249467
581.347 0 0 -0.00279117 0 0 0.00279117
643.199 0 0 -0.00308814 0 0 0.00308814
705.186 0 0 -0.00338575 0 0 0.00338575
767.152 0 0 -0.00368326 0 0 0.00368326
828.836 0 0 -0.00397942 0 0 0.00397942
890.767 0 0 -0.00427676 0 0 0.00427676
952.669 0 0 -0.00457397 0 0 0.00457397
1014.59 0 0 -0.00487124 0 0 0.00487124
1076.35 0 0 -0.00516778 0 0 0.00516778
1138.27 0 0 -0.00546507 0 0 0.00546507
1200.19 0 0 -0.00576239 0 0 0.00576239
1207.31 0 0 -0.00579653 0 0 0.00579653
1143.32 0 0 -0.00548931 0 0 0.00548931
1080.38 0 0 -0.00518715 0 0 0.00518715
1017.95 0 0 -0.00488742 0 0 0.00488742
955.985 0 0 -0.00458989 0 0 0.00458989
894.077 0 0 -0.00429266 0 0 0.00429266
832.85 0 0 -0.00399869 0 0 0.00399869
770.062 0 0 -0.00369723 0 0 0.00369723
708.063 0 0 -0.00339956 0 0 0.00339956
646.338 0 0 -0.00310321 0 0 0.00310321
584.454 0 0 -0.00280609 0 0 0.00280609
522.647 0 0 -0.00250934 0 0 0.00250934
460.702 0 0 -0.00221193 0 0 0.00221193
398.786 0 0 -0.00191466 0 0 0.00191466
336.873 0 0 -0.0016174 0 0 0.0016174
275.106 0 0 -0.00132084 0 0 0.00132084
213.178 0 0 -0.00102352 0 0 0.00102352
151.168 0 0 -0.000725793 0 0 0.000725793
89.3028 0 0 -0.000428762 0 0 0.000428762
27.5874 0 0 -0.000132453 0 0 0.000132453
-34.4881 0 0 0.000165585 0 0 -0.000165585
-96.3423 0 0 0.00046256 0 0 -0.00046256
-158.067 0 0 0.000758916 0 0 -0.000758916
-219.793 0 0 0.00105528 0 0 -0.00105528
-281.872 0 0 0.00135333 0 0 -0.00135333
-343.77 0 0 0.00165052 0 0 -0.00165052
-405.645 0 0 0.00194759 0 0 -0.00194759
-467.351 0 0 0.00224385 0 0 -0.00224385
-529.363 0 0 0.00254158 0 0 -0.00254158
-591.22 0 0 0.00283858 0 0 -0.00283858
-653.105 0 0 0.0031357 0 0 -0.0031357
-714.984 0 0 0.00343279 0 0 -0.00343279
-776.772 0 0 0.00372945 0 0 -0.00372945
-838.621 0 0 0.0040264 0 0 -0.0040264
-900.706 0 0 0.00432448 0 0 -0.00432448
-962.437 0 0 0.00462087 0 0 -0.00462087
-1024.36 0 0 0.00491815 0 0 -0.00491815
-1086.35 0 0 0.00521582 0 0 -0.00521582
-1148.26 0 0 0.00551304 0 0 -0.00551304
-1207.47 0 0 0.0057973 0 0 -0.0057973
-1207.47 0 0 0.0057973 0 0 -0.0057973
-1143.34 0 0 0.00548942 0 0 -0.00548942
-1080.5 0 0 0.00518771 0 0 -0.00518771
-1018.08 0 0 0.00488804 0 0 -0.00488804
-955.933 0 0 0.00458964 0 0 -0.00458964
-894.017 0 0 0.00429237 0 0 -0.00429237
-832.074 0 0 0.00399497 0 0 -0.00399497
-770.234 0 0 0.00369806 0 0 -0.00369806
-708.265 0 0 0.00340054 0 0 -0.00340054
-646.338 0 0 0.00310321 0 0 -0.00310321
-584.499 0 0 0.00280631 0 0 -0.00280631
-522.684 0 0 0.00250952 0 0 -0.00250952
-460.695 0 0 0.00221189 0 0 -0.00221189
-398.919 0 0 0.0019153 0 0 -0.0019153
-337.159 0 0 0.00161877 0 0 -0.00161877
-275.066 0 0 0.00132065 0 0 -0.00132065
-213.238 0 0 0.0010238 0 0 -0.0010238
-151.425 0 0 0.000727025 0 0 -0.000727025
-89.526 0 0 0.000429834 0 0 -0.000429834
-27.668 0 0 0.00013284 0 0 -0.00013284
34.2279 0 0 -0.000164335 0 0 0.000164335
96.1194 0 0 -0.00046149 0 0 0.00046149
158.033 0 0 -0.000758752 0 0 0.000758752
219.809 0 0 -0.00105535 0 0 0.00105535
281.754 0 0 -0.00135276 0 0 0.00135276
343.515 0 0 -0.00164929 0 0 0.00164929
405.439 0 0 -0.0019466 0 0 0.0019466
467.358 0 0 -0.00224389 0 0 0.00224389
529.199 0 0 -0.0025408 0 0 0.0025408
591.103 0 0 -0.00283801 0 0 0.00283801
652.924 0 0 -0.00313483 0 0 0.00313483
714.764 0 0 -0.00343174 0 0 0.00343174
776.701 0 0 -0.00372911 0 0 0.00372911
838.66 0 0 -0.00402659 0 0 0.00402659
900.505 0 0 -0.00432352 0 0 0.00432352
962.391 0 0 -0.00462065 0 0 0.00462065
1024.26 0 0 -0.00491769 0 0 0.00491769
1086.11 0 0 -0.00521463 0 0 0.00521463
1147.91 0 0 -0.00551135 0 0 0.00551135
1207.5 0 0 -0.00579746 0 0 0.00579746
1207.5 0 0 -0.00579746 0 0 0.00579746
1143.59 0 0 -0.00549063 0 0 0.00549063
1080.5 0 0 -0.0051877 0 0 0.0051877
1018.29 0 0 -0.00488901 0 0 0.00488901
956.103 0 0 -0.00459046 0 0 0.00459046
894.323 0 0 -0.00429384 0 0 0.00429384
832.445 0 0 -0.00399675 0 0 0.00399675
770.818 0 0 -0.00370086 0 0 0.00370086
708.166 0 0 -0.00340006 0 0 0.00340006
646.403 0 0 -0.00310352 0 0 0.00310352
584.578 0 0 -0.00280668 0 0 0.00280668
522.721 0 0 -0.0025097 0 0 0.0025097
460.882 0 0 -0.00221279 0 0 0.00221279
399.066 0 0 -0.001916 0 0 0.001916
337.166 0 0 -0.00161881 0 0 0.00161881
275.205 0 0 -0.00132132 0 0 0.00132132
213.436 0 0 -0.00102475 0 0 0.00102475
151.49 0 0 -0.000727338 0 0 0.000727338
89.6152 0 0 -0.000430262 0 0 0.000430262
27.7926 0 0 -0.000133438 0 0 0.000133438
-34.0857 0 0 0.000163653 0 0 -0.000163653
-95.795 0 0 0.000459932 0 0 -0.000459932
-157.805 0 0 0.000757654 0 0 -0.000757654
-219.866 0 0 0.00105563 0 0 -0.00105563
-281.678 0 0 0.0013524 0 0 -0.0013524
-343.528 0 0 0.00164935 0 0 -0.00164935
-405.376 0 0 0.0019463 0 0 -0.0019463
-467.293 0 0 0.00224358 0 0 -0.00224358
-529.131 0 0 0.00254047 0 0 -0.00254047
-590.973 0 0 0.00283739 0 0 -0.00283739
-652.872 0 0 0.00313458 0 0 -0.00313458
-714.786 0 0 0.00343184 0 0 -0.00343184
-776.581 0 0 0.00372853 0 0 -0.00372853
-838.523 0 0 0.00402593 0 0 -0.00402593
-900.371 0 0 0.00432288 0 0 -0.00432288
-962.322 0 0 0.00462032 0 0 -0.00462032
-1024.02 0 0 0.00491655 0 0 -0.00491655
-1085.98 0 0 0.00521401 0 0 -0.00521401
-1147.94 0 0 0.0055115 0 0 -0.0055115
-1207.45 0 0 0.00579721 0 0 -0.00579721
-1207.45 0 0 0.00579721 0 0 -0.00579721
-1143.81 0 0 0.0054917 0 0 -0.0054917
-1080.67 0 0 0.00518854 0 0 -0.00518854
-1018.27 0 0 0.00488894 0 0 -0.00488894
-956.181 0 0 0.00459083 0 0 -0.00459083
-894.265 0 0 0.00429356 0 0 -0.00429356
-832.352 0 0 0.0039963 0 0 -0.0039963
-770.351 0 0 0.00369862 0 0 -0.00369862
-708.552 0 0 0.00340191 0 0 -0.00340191
-646.662 0 0 0.00310477 0 0 -0.00310477
-584.813 0 0 0.00280781 0 0 -0.00280781
-522.825 0 0 0.00251019 0 0 -0.00251019
-460.957 0 0 0.00221315 0 0 -0.00221315
-399.084 0 0 0.00191609 0 0 -0.00191609
-337.222 0 0 0.00161908 0 0 -0.00161908
-275.305 0 0 0.0013218 0 0 -0.0013218
-213.457 0 0 0.00102485 0 0 -0.00102485
-151.606 0 0 0.000727891 0 0 -0.000727891
-89.7832 0 0 0.000431069 0 0 -0.000431069
-27.7781 0 0 0.000133369 0 0 -0.000133369
33.9982 0 0 -0.000163232 0 0 0.000163232
95.8234 0 0 -0.000460069 0 0 0.000460069
157.732 0 0 -0.000757307 0 0 0.000757307
219.51 0 0 -0.00105391 0 0 0.00105391
281.454 0 0 -0.00135132 0 0 0.00135132
343.431 0 0 -0.00164888 0 0 0.00164888
405.162 0 0 -0.00194527 0 0 0.00194527
467.087 0 0 -0.00224258 0 0 0.00224258
528.908 0 0 -0.0025394 0 0 0.0025394
590.845 0 0 -0.00283678 0 0 0.00283678
652.899 0 0 -0.00313471 0 0 0.00313471
714.709 0 0 -0.00343147 0 0 0.00343147
776.489 0 0 -0.00372809 0 0 0.00372809
838.343 0 0 -0.00402507 0 0 0.00402507
900.3 0 0 -0.00432254 0 0 0.00432254
962.138 0 0 -0.00461943 0 0 0.00461943
1023.94 0 0 -0.00491618 0 0 0.00491618
1085.87 0 0 -0.0052135 0 0 0.0052135
1147.81 0 0 -0.00551087 0 0 0.00551087
1207.29 0 0 -0.00579648 0 0 0.00579648
1207.29 0 0 -0.00579648 0 0 0.00579648
1143.72 0 0 -0.00549123 0 0 0.00549123
1080.76 0 0 -0.00518894 0 0 0.00518894
1018.46 0 0 -0.00488983 0 0 0.00488983
956.263 0 0 -0.00459123 0 0 0.00459123
894.421 0 0 -0.00429431 0 0 0.00429431
832.896 0 0 -0.00399891 0 0 0.00399891
771.431 0 0 -0.00370381 0 0 0.00370381
708.358 0 0 -0.00340098 0 0 0.00340098
646.677 0 0 -0.00310484 0 0 0.00310484
585.077 0 0 -0.00280908 0 0 0.00280908
522.973 0 0 -0.00251091 0 0 0.00251091
461.143 0 0 -0.00221405 0 0 0.00221405
399.305 0 0 -0.00191715 0 0 0.00191715
337.471 0 0 -0.00162027 0 0 0.00162027
275.603 0 0 -0.00132323 0 0 0.00132323
213.608 0 0 -0.00102558 0 0 0.00102558
151.707 0 0 -0.000728376 0 0 0.000728376
89.872 0 0 -0.000431495 0 0 0.000431495
27.9271 0 0 -0.000134084 0 0 0.000134084
-33.9014 0 0 0.000162768 0 0 -0.000162768
-95.7556 0 0 0.000459744 0 0 -0.000459744
-157.643 0 0 0.000756877 0 0 -0.000756877
-219.534 0 0 0.00105403 0 0 -0.00105403
-281.386 0 0 0.00135099 0 0 -0.00135099
-343.417 0 0 0.00164882 0 0 -0.00164882
-405.163 0 0 0.00194528 0 0 -0.00194528
-467.082 0 0 0.00224256 0 0 -0.00224256
-528.835 0 0 0.00253905 0 0 -0.00253905
-590.726 0 0 0.0028362 0 0 -0.0028362
-652.63 0 0 0.00313342 0 0 -0.00313342
-714.508 0 0 0.00343051 0 0 -0.00343051
-776.436 0 0 0.00372784 0 0 -0.00372784
-838.237 0 0 0.00402456 0 0 -0.00402456
-900.137 0 0 0.00432175 0 0 -0.00432175
-962.19 0 0 0.00461968 0 0 -0.00461968
-1023.77 0 0 0.00491532 0 0 -0.00491532
-1085.7 0 0 0.00521268 0 0 -0.00521268
-1147.57 0 0 0.00550972 0 0 -0.00550972
-1207.53 0 0 0.00579762 0 0 -0.00579762
-1207.53 0 0 0.00579762 0 0 -0.00579762
-1143.93 0 0 0.00549223 0 0 -0.00549223
-1080.9 0 0 0.00518964 0 0 -0.00518964
-1018.57 0 0 0.00489037 0 0 -0.00489037
-956.356 0 0 0.00459167 0 0 -0.00459167
-894.457 0 0 0.00429448 0 0 -0.00429448
-832.625 0 0 0.00399761 0 0 -0.00399761
-770.721 0 0 0.0037004 0 0 -0.0037004
-708.866 0 0 0.00340342 0 0 -0.00340342
-646.922 0 0 0.00310601 0 0 -0.00310601
-585.027 0 0 0.00280884 0 0 -0.00280884
-523.172 0 0 0.00251186 0 0 -0.00251186
-461.214 0 0 0.00221439 0 0 -0.00221439
-399.364 0 0 0.00191744 0 0 -0.00191744
-337.544 0 0 0.00162062 0 0 -0.00162062
-275.646 0 0 0.00132344 0 0 -0.00132344
-213.868 0 0 0.00102683 0 0 -0.00102683
-151.985 0 0 0.000729714 0 0 -0.000729714
-90.1117 0 0 0.000432646 0 0 -0.000432646
-28.2313 0 0 0.000135545 0 0 -0.000135545
33.6672 0 0 -0.000161643 0 0 0.000161643
95.6667 0 0 -0.000459317 0 0 0.000459317
157.494 0 0 -0.000756163 0 0 0.000756163
219.402 0 0 -0.0010534 0 0 0.0010534
281.231 0 0 -0.00135025 0 0 0.00135025
343.163 0 0 -0.0016476 0 0 0.0016476
405.008 0 0 -0.00194453 0 0 0.00194453
466.912 0 0 -0.00224175 0 0 0.00224175
528.866 0 0 -0.0025392 0 0 0.0025392
590.485 0 0 -0.00283505 0 0 0.00283505
652.573 0 0 -0.00313314 0 0 0.00313314
714.379 0 0 -0.00342989 0 0 0.00342989
776.194 0 0 -0.00372668 0 0 0.00372668
838.063 0 0 -0.00402372 0 0 0.00402372
899.85 0 0 -0.00432037 0 0 0.00432037
961.887 0 0 -0.00461823 0 0 0.00461823
1023.77 0 0 -0.00491534 0 0 0.00491534
1085.65 0 0 -0.00521244 0 0 0.00521244
1147.5 0 0 -0.00550938 0 0 0.00550938
1207.37 0 0 -0.00579683 0 0 0.00579683
1207.37 0 0 -0.00579683 0 0 0.00579683
1144.02 0 0 -0.00549271 0 0 0.00549271
1080.96 0 0 -0.00518995 0 0 0.00518995
1018.62 0 0 -0.0048906 0 0 0.0048906
956.699 0 0 -0.00459332 0 0 0.00459332
894.687 0 0 -0.00429559 0 0 0.00429559
832.882 0 0 -0.00399885 0 0 0.00399885
771.603 0 0 -0.00370463 0 0 0.00370463
708.655 0 0 -0.00340241 0 0 0.00340241
646.874 0 0 -0.00310578 0 0 0.00310578
585.222 0 0 -0.00280978 0 0 0.00280978
523.253 0 0 -0.00251225 0 0 0.00251225
461.442 0 0 -0.00221548 0 0 0.00221548
399.536 0 0 -0.00191826 0 0 0.00191826
337.803 0 0 -0.00162187 0 0 0.00162187
275.82 0 0 -0.00132427 0 0 0.00132427
213.95 0 0 -0.00102722 0 0 0.00102722
151.866 0 0 -0.00072914 0 0 0.00072914
90.1094 0 0 -0.000432635 0 0 0.000432635
28.208 0 0 -0.000135433 0 0 0.000135433
-33.6042 0 0 0.000161341 0 0 -0.000161341
-95.4992 0 0 0.000458512 0 0 -0.000458512
-157.332 0 0 0.000755385 0 0 -0.000755385
-219.25 0 0 0.00105266 0 0 -0.00105266
-281.088 0 0 0.00134957 0 0 -0.00134957
-343.207 0 0 0.00164781 0 0 -0.00164781
-404.885 0 0 0.00194394 0 0 -0.00194394
-466.779 0 0 0.00224111 0 0 -0.00224111
-528.538 0 0 0.00253763 0 0 -0.00253763
-590.428 0 0 0.00283477 0 0 -0.00283477
-652.393 0 0 0.00313228 0 0 -0.00313228
-714.163 0 0 0.00342885 0 0 -0.00342885
-776.058 0 0 0.00372602 0 0 -0.00372602
-838.081 0 0 0.00402381 0 0 -0.00402381
-899.879 0 0 0.00432051 0 0 -0.00432051
-961.706 0 0 0.00461736 0 0 -0.00461736
-1023.54 0 0 0.00491425 0 0 -0.00491425
-1085.57 0 0 0.00521207 0 0 -0.00521207
-1147.61 0 0 0.00550993 0 0 -0.00550993
-1207.42 0 0 0.00579711 0 0 -0.00579711
-1207.42 0 0 0.00579711 0 0 -0.00579711
-1112.3 0 0 0.00534041 0 0 -0.00534041
-1018.38 0 0 0.00488947 0 0 -0.00488947
-925.125 0 0 0.00444172 0 0 -0.00444172
-831.797 0 0 0.00399364 0 0 -0.00399364
-738.834 0 0 0.0035473 0 0 -0.0035473
-646.131 0 0 0.00310221 0 0 -0.00310221
-553.183 0 0 0.00265595 0 0 -0.00265595
-460.373 0 0 0.00221035 0 0 -0.00221035
-367.572 0 0 0.00176479 0 0 -0.00176479
-274.805 0 0 0.0013194 0 0 -0.0013194
-182.047 0 0 0.000874045 0 0 -0.000874045
-89.1308 0 0 0.000427937 0 0 -0.000427937
3.75087 0 0 -1.80087e-05 0 0 1.80087e-05
96.4291 0 0 -0.000462977 0 0 0.000462977
189.306 0 0 -0.000908897 0 0 0.000908897
282.23 0 0 -0.00135505 0 0 0.00135505
374.832 0 0 -0.00179965 0 0 0.00179965
467.885 0 0 -0.00224642 0 0 0.00224642
560.358 0 0 -0.0026904 0 0 0.0026904
653.435 0 0 -0.00313728 0 0 0.00313728
746.183 0 0 -0.00358259 0 0 0.00358259
838.945 0 0 -0.00402796 0 0 0.00402796
931.67 0 0 -0.00447315 0 0 0.00447315
1024.63 0 0 -0.00491947 0 0 0.00491947
1117.45 0 0 -0.00536513 0 0 0.00536513
1210.32 0 0 -0.00581101 0 0 0.00581101
1302.94 0 0 -0.00625567 0 0 0.00625567
1395.78 0 0 -0.00670145 0 0 0.00670145
1419.62 0 0 -0.00738995 0 0 0.00738995
1425 0 0 -0.00814059 0 0 0.00814059
1430.37 0 0 -0.00889019 0 0 0.00889019
1435.76 0 0 -0.00964189 0 0 0.00964189
1438.3 0 0 -0.00999617 0 0 0.00999617
1345.86 0 0 -0.00955101 0 0 0.00955101
1251.66 0 0 -0.00909735 0 0 0.00909735
1158.25 0 0 -0.00864751 0 0 0.00864751
1065.45 0 0 -0.00820057 0 0 0.00820057
973.16 0 0 -0.00775612 0 0 0.00775612
879.592 0 0 -0.00730551 0 0 0.00730551
786.97 0 0 -0.00685945 0 0 0.00685945
694.32 0 0 -0.00641326 0 0 0.00641326
601.701 0 0 -0.00596721 0 0 0.00596721
509.074 0 0 -0.00552113 0 0 0.00552113
416.601 0 0 -0.00507579 0 0 0.00507579
323.742 0 0 -0.00462859 0 0 0.00462859
231.071 0 0 -0.0041823 0 0 0.0041823
138.507 0 0 -0.00373652 0 0 0.00373652
45.9767 0 0 -0.0032909 0 0 0.0032909
-46.9191 0 0 -0.00284352 0 0 0.00284352
-139.571 0 0 -0.00239732 0 0 0.00239732
-232.011 0 0 -0.00195214 0 0 0.00195214
-324.736 0 0 -0.00150559 0 0 0.00150559
-417.331 0 0 -0.00105966 0 0 0.00105966
-509.989 0 0 -0.000613428 0 0 0.000613428
-602.678 0 0 -0.000167048 0 0 0.000167048
-695.338 0 0 0.000279197 0 0 -0.000279197
-788.116 0 0 0.000726007 0 0 -0.000726007
-880.663 0 0 0.0011717 0 0 -0.0011717
-973.334 0 0 0.00161799 0 0 -0.00161799
-1065.88 0 0 0.00206369 0 0 -0.00206369
-1158.6 0 0 0.00251024 0 0 -0.00251024
-1251.29 0 0 0.00295662 0 0 -0.00295662
-1344.01 0 0 0.00340314 0 0 -0.00340314
-1390.73 0 0 0.00400995 0 0 -0.00400995
-1396.09 0 0 0.00476037 0 0 -0.00476037
-1401.45 0 0 0.00551161 0 0 -0.00551161
-1406.82 0 0 0.00626275 0 0 -0.00626275
-1412.17 0 0 0.0070132 0 0 -0.0070132
-1417.54 0 0 0.00776484 0 0 -0.00776484
-1422.9 0 0 0.00851518 0 0 -0.00851518
-1428.27 0 0 0.00926739 0 0 -0.00926739
-1433.6 0 0 0.0100142 0 0 -0.0100142
-1433.6 0 0 0.0100142 0 0 -0.0100142
-1341.45 0 0 0.00956773 0 0 -0.00956773
-1247.49 0 0 0.00911245 0 0 -0.00911245
-1154.49 0 0 0.00866185 0 0 -0.00866185
-1061.79 0 0 0.0082127 0 0 -0.0082127
-969.417 0 0 0.00776511 0 0 -0.00776511
-877.029 0 0 0.00731746 0 0 -0.00731746
-784.619 0 0 0.00686971 0 0 -0.00686971
-692.302 0 0 0.00642241 0 0 -0.00642241
-599.985 0 0 0.00597511 0 0 -0.00597511
-507.608 0 0 0.00552751 0 0 -0.00552751
-415.231 0 0 0.00507993 0 0 -0.00507993
-323.149 0 0 0.00463376 0 0 -0.00463376
-230.731 0 0 0.00418597 0 0 -0.00418597
-138.425 0 0 0.00373872 0 0 -0.00373872
-46.1042 0 0 0.00329141 0 0 -0.00329141
46.2954 0 0 0.0028437 0 0 -0.0028437
138.743 0 0 0.00239577 0 0 -0.00239577
230.939 0 0 0.00194906 0 0 -0.00194906
323.143 0 0 0.00150231 0 0 -0.00150231
415.557 0 0 0.00105454 0 0 -0.00105454
507.733 0 0 0.000607918 0 0 -0.000607918
600.233 0 0 0.000159727 0 0 -0.000159727
692.47 0 0 -0.000287182 0 0 0.000287182
784.876 0 0 -0.000734915 0 0 0.000734915
877.289 0 0 -0.00118268 0 0 0.00118268
969.446 0 0 -0.00162921 0 0 0.00162921
1061.81 0 0 -0.00207674 0 0 0.00207674
1154.27 0 0 -0.00252473 0 0 0.00252473
1246.65 0 0 -0.00297234 0 0 0.00297234
1338.83 0 0 -0.00341898 0 0 0.00341898
1386.16 0 0 -0.00402389 0 0 0.00402389
1391.5 0 0 -0.0047752 0 0 0.0047752
1396.85 0 0 -0.00552637 0 0 0.00552637
1402.19 0 0 -0.00627686 0 0 0.00627686
1407.53 0 0 -0.00702822 0 0 0.00702822
1412.87 0 0 -0.00777873 0 0 0.00777873
1418.22 0 0 -0.00853032 0 0 0.00853032
1423.57 0 0 -0.0092823 0 0 0.0092823
1428.88 0 0 -0.0100289 0 0 0.0100289
1428.88 0 0 -0.0100289 0 0 0.0100289
1337.5 0 0 -0.00958339 0 0 0.00958339
1243.88 0 0 -0.009127 0 0 0.009127
1151.23 0 0 -0.00867534 0 0 0.00867534
1058.94 0 0 -0.00822546 0 0 0.00822546
967.19 0 0 -0.00777817 0 0 0.00777817
874.482 0 0 -0.00732623 0 0 0.00732623
782.382 0 0 -0.00687725 0 0 0.00687725
690.492 0 0 -0.00642931 0 0 0.00642931
598.585 0 0 -0.00598127 0 0 0.00598127
506.519 0 0 -0.00553246 0 0 0.00553246
414.625 0 0 -0.00508449 0 0 0.00508449
322.601 0 0 -0.00463588 0 0 0.00463588
230.544 0 0 -0.00418712 0 0 0.00418712
138.597 0 0 -0.00373889 0 0 0.00373889
46.6785 0 0 -0.0032908 0 0 0.0032908
-45.5239 0 0 -0.00284132 0 0 0.00284132
-137.502 0 0 -0.00239294 0 0 0.00239294
-229.527 0 0 -0.00194433 0 0 0.00194433
-321.497 0 0 -0.00149599 0 0 0.00149599
-413.431 0 0 -0.00104782 0 0 0.00104782
-505.349 0 0 -0.000599733 0 0 0.000599733
-597.297 0 0 -0.000151499 0 0 0.000151499
-689.342 0 0 0.000297208 0 0 -0.000297208
-781.346 0 0 0.000745717 0 0 -0.000745717
-873.428 0 0 0.0011946 0 0 -0.0011946
-965.204 0 0 0.001642 0 0 -0.001642
-1057.37 0 0 0.00209129 0 0 -0.00209129
-1149.36 0 0 0.00253974 0 0 -0.00253974
-1241.48 0 0 0.00298881 0 0 -0.00298881
-1333.46 0 0 0.00343719 0 0 -0.00343719
-1381.54 0 0 0.00403866 0 0 -0.00403866
-1386.87 0 0 0.0047897 0 0 -0.0047897
-1392.19 0 0 0.00554067 0 0 -0.00554067
-1397.53 0 0 0.0062934 0 0 -0.0062934
-1402.86 0 0 0.00704515 0 0 -0.00704515
-1408.17 0 0 0.00779398 0 0 -0.00779398
-1413.5 0 0 0.00854555 0 0 -0.00854555
-1418.83 0 0 0.00929711 0 0 -0.00929711
-1424.13 0 0 0.0100457 0 0 -0.0100457
-1424.13 0 0 0.0100457 0 0 -0.0100457
-1310.47 0 0 0.00948821 0 0 -0.00948821
-1194.09 0 0 0.00891742 0 0 -0.00891742
-1078.73 0 0 0.00835158 0 0 -0.00835158
-963.891 0 0 0.00778834 0 0 -0.00778834
-849.156 0 0 0.0072256 0 0 -0.0072256
-734.482 0 0 0.00666316 0 0 -0.00666316
-619.754 0 0 0.00610045 0 0 -0.00610045
-505.226 0 0 0.00553873 0 0 -0.00553873
-390.524 0 0 0.00497615 0 0 -0.00497615
-276.072 0 0 0.00441479 0 0 -0.00441479
-161.322 0 0 0.00385198 0 0 -0.00385198
-46.7744 0 0 0.00329016 0 0 -0.00329016
67.7125 0 0 0.00272864 0 0 -0.00272864
182.231 0 0 0.00216696 0 0 -0.00216696
296.849 0 0 0.00160479 0 0 -0.00160479
411.474 0 0 0.00104258 0 0 -0.00104258
526.144 0 0 0.000480164 0 0 -0.000480164
640.668 0 0 -8.15421e-05 0 0 8.15421e-05
755.219 0 0 -0.00064338 0 0 0.00064338
869.721 0 0 -0.00120498 0 0 0.00120498
984.452 0 0 -0.0017677 0 0 0.0017677
1099.01 0 0 -0.00232958 0 0 0.00232958
1213.61 0 0 -0.00289163 0 0 0.00289163
1328.1 0 0 -0.00345317 0 0 0.00345317
1378.25 0 0 -0.00424096 0 0 0.00424096
1384.89 0 0 -0.00518119 0 0 0.00518119
1391.53 0 0 -0.00612036 0 0 0.00612036
1398.16 0 0 -0.00705919 0 0 0.00705919
1404.78 0 0 -0.00799674 0 0 0.00799674
1411.43 0 0 -0.0089375 0 0 0.0089375
1418.06 0 0 -0.009876 0 0 0.009876
1424.7 0 0 -0.010816 0 0 0.010816
1431.34 0 0 -0.0117553 0 0 0.0117553
1437.97 0 0 -0.0126942 0 0 0.0126942
1444.6 0 0 -0.013633 0 0 0.013633
1451.23 0 0 -0.0145713 0 0 0.0145713
1453.9 0 0 -0.0149485 0 0 0.0149485
1336.45 0 0 -0.0143661 0 0 0.0143661
1220.78 0 0 -0.0137925 0 0 0.0137925
1106.02 0 0 -0.0132234 0 0 0.0132234
991.786 0 0 -0.0126569 0 0 0.0126569
878.017 0 0 -0.0120927 0 0 0.0120927
763.879 0 0 -0.0115267 0 0 0.0115267
649.947 0 0 -0.0109617 0 0 0.0109617
536.162 0 0 -0.0103975 0 0 0.0103975
422.461 0 0 -0.00983364 0 0 0.00983364
308.365 0 0 -0.00926784 0 0 0.00926784
194.611 0 0 -0.00870374 0 0 0.00870374
80.6363 0 0 -0.00813854 0 0 0.00813854
-33.2354 0 0 -0.00757385 0 0 0.00757385
-147.034 0 0 -0.00700953 0 0 0.00700953
-260.858 0 0 -0.00644508 0 0 0.00644508
-374.661 0 0 -0.00588073 0 0 0.00588073
-488.448 0 0 -0.00531647 0 0 0.00531647
-602.404 0 0 -0.00475136 0 0 0.00475136
-716.09 0 0 -0.0041876 0 0 0.0041876
-830.001 0 0 -0.00362272 0 0 0.00362272
-943.88 0 0 -0.00305799 0 0 0.00305799
-1057.76 0 0 -0.00249325 0 0 0.00249325
-1171.66 0 0 -0.00192843 0 0 0.00192843
-1285.61 0 0 -0.00136336 0 0 0.00136336
-1332.21 0 0 -0.00056453 0 0 0.00056453
-1338.79 0 0 0.000375669 0 0 -0.000375669
-1345.37 0 0 0.00131456 0 0 -0.00131456
-1351.94 0 0 0.00225365 0 0 -0.00225365
-1358.52 0 0 0.00319326 0 0 -0.00319326
-1365.09 0 0 0.00413298 0 0 -0.00413298
-1371.66 0 0 0.00507104 0 0 -0.00507104
-1378.24 0 0 0.0060111 0 0 -0.0060111
-1384.81 0 0 0.00695013 0 0 -0.00695013
-1391.38 0 0 0.00788932 0 0 -0.00788932
-1397.96 0 0 0.00882938 0 0 -0.00882938
-1404.53 0 0 0.00976797 0 0 -0.00976797
-1411.1 0 0 0.0107063 0 0 -0.0107063
-1417.68 0 0 0.0116465 0 0 -0.0116465
-1424.26 0 0 0.0125859 0 0 -0.0125859
-1430.83 0 0 0.0135247 0 0 -0.0135247
-1437.41 0 0 0.014465 0 0 -0.014465
-1441.1 0 0 0.014992 0 0 -0.014992
-1325 0 0 0.0144072 0 0 -0.0144072
-1210.35 0 0 0.0138296 0 0 -0.0138296
-1096.78 0 0 0.0132575 0 0 -0.0132575
-983.702 0 0 0.0126879 0 0 -0.0126879
-870.681 0 0 0.0121185 0 0 -0.0121185
-757.834 0 0 0.01155 0 0 -0.01155
-645.172 0 0 0.0109825 0 0 -0.0109825
-532.195 0 0 0.0104134 0 0 -0.0104134
-419.367 0 0 0.00984498 0 0 -0.00984498
-306.522 0 0 0.00927651 0 0 -0.00927651
-193.758 0 0 0.00870845 0 0 -0.00870845
-81.1204 0 0 0.00814103 0 0 -0.00814103
31.7755 0 0 0.00757231 0 0 -0.00757231
144.653 0 0 0.00700368 0 0 -0.00700368
257.372 0 0 0.00643585 0 0 -0.00643585
370.24 0 0 0.00586727 0 0 -0.00586727
483.041 0 0 0.00529902 0 0 -0.00529902
595.768 0 0 0.00473115 0 0 -0.00473115
708.648 0 0 0.00416251 0 0 -0.00416251
821.521 0 0 0.0035939 0 0 -0.0035939
934.295 0 0 0.00302579 0 0 -0.00302579
1047.18 0 0 0.00245711 0 0 -0.00245711
1159.96 0 0 0.00188899 0 0 -0.00188899
1272.75 0 0 0.0013208 0 0 -0.0013208
1320.45 0 0 0.000525498 0 0 -0.000525498
1326.96 0 0 -0.000413404 0 0 0.000413404
1333.48 0 0 -0.00135488 0 0 0.00135488
1339.99 0 0 -0.00229282 0 0 0.00229282
1346.5 0 0 -0.00323269 0 0 0.00323269
1353.02 0 0 -0.00417199 0 0 0.00417199
1359.53 0 0 -0.00511214 0 0 0.00511214
1366.05 0 0 -0.00605122 0 0 0.00605122
1372.56 0 0 -0.00699057 0 0 0.00699057
1379.08 0 0 -0.00793059 0 0 0.00793059
1385.58 0 0 -0.00886902 0 0 0.00886902
1392.1 0 0 -0.00980919 0 0 0.00980919
1398.62 0 0 -0.0107489 0 0 0.0107489
1405.14 0 0 -0.011689 0 0 0.011689
1411.65 0 0 -0.0126288 0 0 0.0126288
1418.16 0 0 -0.0135674 0 0 0.0135674
1424.67 0 0 -0.014507 0 0 0.014507
1428.35 0 0 -0.0150368 0 0 0.0150368
1313.43 0 0 -0.0144486 0 0 0.0144486
1200.13 0 0 -0.0138688 0 0 0.0138688
1087.54 0 0 -0.0132926 0 0 0.0132926
975.41 0 0 -0.0127187 0 0 0.0127187
863.573 0 0 -0.0121463 0 0 0.0121463
751.681 0 0 -0.0115737 0 0 0.0115737
639.877 0 0 -0.0110015 0 0 0.0110015
528.077 0 0 -0.0104293 0 0 0.0104293
416.537 0 0 -0.00985842 0 0 0.00985842
304.465 0 0 -0.00928484 0 0 0.00928484
192.76 0 0 -0.00871314 0 0 0.00871314
81.0741 0 0 -0.00814154 0 0 0.00814154
-30.7907 0 0 -0.00756903 0 0 0.00756903
-142.504 0 0 -0.00699729 0 0 0.00699729
-254.186 0 0 -0.00642571 0 0 0.00642571
-365.917 0 0 -0.00585388 0 0 0.00585388
-477.667 0 0 -0.00528195 0 0 0.00528195
-589.572 0 0 -0.00470923 0 0 0.00470923
-701.053 0 0 -0.00413867 0 0 0.00413867
-812.926 0 0 -0.00356612 0 0 0.00356612
-924.736 0 0 -0.00299388 0 0 0.00299388
-1036.37 0 0 -0.00242252 0 0 0.00242252
-1148.22 0 0 -0.00185012 0 0 0.00185012
-1260.06 0 0 -0.00127774 0 0 0.00127774
-1308.28 0 0 -0.000484832 0 0 0.000484832
-1314.73 0 0 0.000454029 0 0 -0.000454029
-1321.19 0 0 0.00139547 0 0 -0.00139547
-1327.64 0 0 0.00233442 0 0 -0.00233442
-1334.09 0 0 0.00327424 0 0 -0.00327424
-1340.54 0 0 0.00421426 0 0 -0.00421426
-1346.99 0 0 0.0051536 0 0 -0.0051536
-1353.44 0 0 0.00609309 0 0 -0.00609309
-1359.9 0 0 0.00703357 0 0 -0.00703357
-1366.35 0 0 0.00797241 0 0 -0.00797241
-1372.81 0 0 0.00891309 0 0 -0.00891309
-1379.25 0 0 0.00985168 0 0 -0.00985168
-1385.71 0 0 0.0107919 0 0 -0.0107919
-1392.15 0 0 0.0117308 0 0 -0.0117308
-1398.61 0 0 0.0126711 0 0 -0.0126711
-1405.06 0 0 0.0136103 0 0 -0.0136103
-1411.51 0 0 0.0145497 0 0 -0.0145497
-1415.16 0 0 0.0150821 0 0 -0.0150821
-1263.81 0 0 0.014295 0 0 -0.014295
-1114.33 0 0 0.0135177 0 0 -0.0135177
-965.779 0 0 0.0127453 0 0 -0.0127453
-817.825 0 0 0.0119759 0 0 -0.0119759
-670.142 0 0 0.0112079 0 0 -0.0112079
-522.44 0 0 0.0104399 0 0 -0.0104399
-374.839 0 0 0.00967234 0 0 -0.00967234
-227.226 0 0 0.00890474 0 0 -0.00890474
-79.7318 0 0 0.00813777 0 0 -0.00813777
68.0503 0 0 0.0073693 0 0 -0.0073693
215.639 0 0 0.00660183 0 0 -0.00660183
363.121 0 0 0.00583492 0 0 -0.00583492
510.745 0 0 0.00506727 0 0 -0.00506727
658.394 0 0 0.00429949 0 0 -0.00429949
805.95 0 0 0.00353219 0 0 -0.00353219
953.549 0 0 0.00276467 0 0 -0.00276467
1101.13 0 0 0.00199723 0 0 -0.00199723
1248.78 0 0 0.00122944 0 0 -0.00122944
1298.33 0 0 0.00012025 0 0 -0.00012025
1306.86 0 0 -0.00113424 0 0 0.00113424
1315.37 0 0 -0.00238692 0 0 0.00238692
1323.9 0 0 -0.00364074 0 0 0.00364074
1332.41 0 0 -0.00489313 0 0 0.00489313
1340.93 0 0 -0.00614688 0 0 0.00614688
1349.45 0 0 -0.00740014 0 0 0.00740014
1357.97 0 0 -0.00865234 0 0 0.00865234
1366.49 0 0 -0.00990561 0 0 0.00990561
1375.02 0 0 -0.0111611 0 0 0.0111611
1383.54 0 0 -0.0124143 0 0 0.0124143
1392.04 0 0 -0.0136647 0 0 0.0136647
1400.58 0 0 -0.0149208 0 0 0.0149208
1409.09 0 0 -0.0161726 0 0 0.0161726
1417.61 0 0 -0.0174252 0 0 0.0174252
1426.13 0 0 -0.0186788 0 0 0.0186788
1434.66 0 0 -0.0199326 0 0 0.0199326
1443.18 0 0 -0.0211867 0 0 0.0211867
1451.69 0 0 -0.0224381 0 0 0.0224381
1460.21 0 0 -0.0236917 0 0 0.0236917
1468.47 0 0 -0.0249067 0 0 0.0249067
1468.47 0 0 -0.0249067 0 0 0.0249067
1319.99 0 0 -0.0241136 0 0 0.0241136
1172.62 0 0 -0.0233265 0 0 0.0233265
1026.33 0 0 -0.0225451 0 0 0.0225451
880.798 0 0 -0.0217679 0 0 0.0217679
735.175 0 0 -0.0209901 0 0 0.0209901
589.907 0 0 -0.0202142 0 0 0.0202142
444.752 0 0 -0.0194389 0 0 0.0194389
299.483 0 0 -0.018663 0 0 0.018663
154.113 0 0 -0.0178865 0 0 0.0178865
8.91066 0 0 -0.017111 0 0 0.017111
-136.401 0 0 -0.0163349 0 0 0.0163349
-281.488 0 0 -0.0155599 0 0 0.0155599
-426.787 0 0 -0.0147839 0 0 0.0147839
-571.885 0 0 -0.0140089 0 0 0.0140089
-717.187 0 0 -0.0132328 0 0 0.0132328
-862.542 0 0 -0.0124565 0 0 0.0124565
-1007.72 0 0 -0.0116811 0 0 0.0116811
-1153.04 0 0 -0.0109049 0 0 0.0109049
-1203.88 0 0 -0.00980074 0 0 0.00980074
-1212.21 0 0 -0.00854591 0 0 0.00854591
-1220.52 0 0 -0.00729277 0 0 0.00729277
-1228.85 0 0 -0.00603744 0 0 0.00603744
-1237.17 0 0 -0.004784 0 0 0.004784
-1245.48 0 0 -0.00353068 0 0 0.00353068
-1253.8 0 0 -0.00227706 0 0 0.00227706
-1262.12 0 0 -0.00102309 0 0 0.00102309
-1270.45 0 0 0.000232101 0 0 -0.000232101
-1278.77 0 0 0.00148603 0 0 -0.00148603
-1287.08 0 0 0.00273916 0 0 -0.00273916
-1295.41 0 0 0.00399493 0 0 -0.00399493
-1303.73 0 0 0.0052477 0 0 -0.0052477
-1312.05 0 0 0.00650212 0 0 -0.00650212
-1320.37 0 0 0.00775617 0 0 -0.00775617
-1328.67 0 0 0.00900765 0 0 -0.00900765
-1337 0 0 0.0102632 0 0 -0.0102632
-1345.33 0 0 0.011518 0 0 -0.011518
-1353.64 0 0 0.0127703 0 0 -0.0127703
-1361.95 0 0 0.0140236 0 0 -0.0140236
-1370.29 0 0 0.0152797 0 0 -0.0152797
-1378.6 0 0 0.0165331 0 0 -0.0165331
-1386.91 0 0 0.0177855 0 0 -0.0177855
-1395.24 0 0 0.0190405 0 0 -0.0190405
-1403.55 0 0 0.0202936 0 0 -0.0202936
-1411.88 0 0 0.0215489 0 0 -0.0215489
-1420.2 0 0 0.022803 0 0 -0.022803
-1428.52 0 0 0.0240564 0 0 -0.0240564
-1434.94 0 0 0.0250248 0 0 -0.0250248
-1289.71 0 0 0.0242202 0 0 -0.0242202
-1145.66 0 0 0.0234222 0 0 -0.0234222
-1002.84 0 0 0.0226309 0 0 -0.0226309
-860.373 0 0 0.0218417 0 0 -0.0218417
-717.991 0 0 0.0210529 0 0 -0.0210529
-576.001 0 0 0.0202662 0 0 -0.0202662
-433.906 0 0 0.019479 0 0 -0.019479
-291.749 0 0 0.0186914 0 0 -0.0186914
-149.839 0 0 0.0179052 0 0 -0.0179052
-7.66526 0 0 0.0171176 0 0 -0.0171176
134.187 0 0 0.0163317 0 0 -0.0163317
276.417 0 0 0.0155437 0 0 -0.0155437
418.458 0 0 0.0147568 0 0 -0.0147568
560.446 0 0 0.0139702 0 0 -0.0139702
702.38 0 0 0.0131839 0 0 -0.0131839
844.522 0 0 0.0123964 0 0 -0.0123964
986.45 0 0 0.0116101 0 0 -0.0116101
1128.66 0 0 0.0108222 0 0 -0.0108222
1176.1 0 0 0.00970631 0 0 -0.00970631
1184.21 0 0 0.00845289 0 0 -0.00845289
1192.34 0 0 0.00719644 0 0 -0.00719644
1200.46 0 0 0.00594275 0 0 -0.00594275
1208.58 0 0 0.0046879 0 0 -0.0046879
1216.7 0 0 0.00343321 0 0 -0.00343321
1224.83 0 0 0.00217775 0 0 -0.00217775
1232.94 0 0 0.000923809 0 0 -0.000923809
1241.07 0 0 -0.000331879 0 0 0.000331879
1249.19 0 0 -0.00158688 0 0 0.00158688
1257.31 0 0 -0.00284006 0 0 0.00284006
1265.43 0 0 -0.00409501 0 0 0.00409501
1273.55 0 0 -0.00534967 0 0 0.00534967
1281.68 0 0 -0.00660541 0 0 0.00660541
1289.8 0 0 -0.00785986 0 0 0.00785986
1297.91 0 0 -0.00911335 0 0 0.00911335
1306.04 0 0 -0.0103689 0 0 0.0103689
1314.16 0 0 -0.0116236 0 0 0.0116236
1322.28 0 0 -0.0128782 0 0 0.0128782
1330.4 0 0 -0.0141331 0 0 0.0141331
1338.52 0 0 -0.0153871 0 0 0.0153871
1346.65 0 0 -0.016643 0 0 0.016643
1354.76 0 0 -0.0178964 0 0 0.0178964
1362.88 0 0 -0.0191503 0 0 0.0191503
1371 0 0 -0.020405 0 0 0.020405
1379.13 0 0 -0.0216616 0 0 0.0216616
1387.24 0 0 -0.0229141 0 0 0.0229141
1395.37 0 0 -0.0241693 0 0 0.0241693
1401.65 0 0 -0.0251396 0 0 0.0251396
1260.32 0 0 -0.0243271 0 0 0.0243271
1119.46 0 0 -0.0235172 0 0 0.0235172
979.686 0 0 -0.0227136 0 0 0.0227136
840.59 0 0 -0.0219139 0 0 0.0219139
701.481 0 0 -0.0211142 0 0 0.0211142
562.574 0 0 -0.0203156 0 0 0.0203156
423.687 0 0 -0.0195171 0 0 0.0195171
284.855 0 0 -0.0187189 0 0 0.0187189
146.081 0 0 -0.017921 0 0 0.017921
7.24236 0 0 -0.0171228 0 0 0.0171228
-131.566 0 0 -0.0163248 0 0 0.0163248
-270.45 0 0 -0.0155263 0 0 0.0155263
-409.178 0 0 -0.0147287 0 0 0.0147287
-548.011 0 0 -0.0139305 0 0 0.0139305
-686.893 0 0 -0.0131321 0 0 0.0131321
-825.752 0 0 -0.0123337 0 0 0.0123337
-964.525 0 0 -0.0115359 0 0 0.0115359
-1103.52 0 0 -0.0107367 0 0 0.0107367
-1145.75 0 0 -0.0096014 0 0 0.0096014
-1153.64 0 0 -0.00834794 0 0 0.00834794
-1161.55 0 0 -0.00709085 0 0 0.00709085
-1169.46 0 0 -0.00583608 0 0 0.00583608
-1177.36 0 0 -0.00458103 0 0 0.00458103
-1185.26 0 0 -0.00332664 0 0 0.00332664
-1193.17 0 0 -0.00206994 0 0 0.00206994
-1201.07 0 0 -0.000814857 0 0 0.000814857
-1208.97 0 0 0.000440058 0 0 -0.000440058
-1216.88 0 0 0.00169594 0 0 -0.00169594
-1224.79 0 0 0.00295236 0 0 -0.00295236
-1232.68 0 0 0.00420597 0 0 -0.00420597
-1240.59 0 0 0.0054619 0 0 -0.0054619
-1248.5 0 0 0.00671846 0 0 -0.00671846
-1256.41 0 0 0.00797362 0 0 -0.00797362
-1264.31 0 0 0.00922843 0 0 -0.00922843
-1272.21 0 0 0.0104842 0 0 -0.0104842
-1280.12 0 0 0.0117402 0 0 -0.0117402
-1288.02 0 0 0.0129948 0 0 -0.0129948
-1295.93 0 0 0.0142502 0 0 -0.0142502
-1303.83 0 0 0.015505 0 0 -0.015505
-1311.74 0 0 0.0167614 0 0 -0.0167614
-1319.64 0 0 0.0180162 0 0 -0.0180162
-1327.54 0 0 0.0192716 0 0 -0.0192716
-1335.44 0 0 0.0205262 0 0 -0.0205262
-1343.36 0 0 0.0217832 0 0 -0.0217832
-1351.26 0 0 0.0230385 0 0 -0.0230385
-1359.16 0 0 0.0242935 0 0 -0.0242935
-1365.3 0 0 0.0252684 0 0 -0.0252684
-1227.49 0 0 0.0244458 0 0 -0.0244458
-1089.94 0 0 0.0236248 0 0 -0.0236248
-953.416 0 0 0.0228099 0 0 -0.0228099
-817.446 0 0 0.0219983 0 0 -0.0219983
-681.731 0 0 0.0211883 0 0 -0.0211883
-545.897 0 0 0.0203775 0 0 -0.0203775
-410.396 0 0 0.0195687 0 0 -0.0195687
-274.929 0 0 0.0187601 0 0 -0.0187601
-139.261 0 0 0.0179503 0 0 -0.0179503
-3.53241 0 0 0.0171402 0 0 -0.0171402
131.882 0 0 0.0163319 0 0 -0.0163319
267.484 0 0 0.0155225 0 0 -0.0155225
403.192 0 0 0.0147125 0 0 -0.0147125
538.84 0 0 0.0139029 0 0 -0.0139029
674.372 0 0 0.0130939 0 0 -0.0130939
810.06 0 0 0.012284 0 0 -0.012284
945.624 0 0 0.0114748 0 0 -0.0114748
1081.17 0 0 0.0106658 0 0 -0.0106658
1115.26 0 0 0.00950188 0 0 -0.00950188
1122.96 0 0 0.00824396 0 0 -0.00824396
1130.64 0 0 0.0069898 0 0 -0.0069898
1138.33 0 0 0.00573332 0 0 -0.00573332
1146.02 0 0 0.00447676 0 0 -0.00447676
1153.7 0 0 0.00322069 0 0 -0.00322069
1161.39 0 0 0.00196427 0 0 -0.00196427
1169.08 0 0 0.000709139 0 0 -0.000709139
1176.77 0 0 -0.000548212 0 0 0.000548212
1184.46 0 0 -0.00180484 0 0 0.00180484
1192.14 0 0 -0.00306035 0 0 0.00306035
1199.83 0 0 -0.00431623 0 0 0.00431623
1207.52 0 0 -0.00557283 0 0 0.00557283
1215.2 0 0 -0.00682805 0 0 0.00682805
1222.9 0 0 -0.00808521 0 0 0.00808521
1230.58 0 0 -0.0093413 0 0 0.0093413
1238.26 0 0 -0.0105964 0 0 0.0105964
1245.96 0 0 -0.011854 0 0 0.011854
1253.64 0 0 -0.0131085 0 0 0.0131085
1261.33 0 0 -0.0143657 0 0 0.0143657
1269.01 0 0 -0.0156211 0 0 0.0156211
1276.71 0 0 -0.0168779 0 0 0.0168779
1284.39 0 0 -0.0181334 0 0 0.0181334
1292.08 0 0 -0.01939 0 0 0.01939
1299.77 0 0 -0.0206464 0 0 0.0206464
1307.45 0 0 -0.0219017 0 0 0.0219017
1315.15 0 0 -0.0231595 0 0 0.0231595
1322.82 0 0 -0.0244138 0 0 0.0244138
1330.52 0 0 -0.0256706 0 0 0.0256706
1338.2 0 0 -0.0269256 0 0 0.0269256
1345.89 0 0 -0.0281832 0 0 0.0281832
1353.58 0 0 -0.029439 0 0 0.029439
1361.27 0 0 -0.0306951 0 0 0.0306951
1368.96 0 0 -0.0319519 0 0 0.0319519
1376.64 0 0 -0.0332074 0 0 0.0332074
1384.33 0 0 -0.0344638 0 0 0.0344638
1388.79 0 0 -0.0351928 0 0 0.0351928
1255.72 0 0 -0.0343575 0 0 0.0343575
1122.57 0 0 -0.0335217 0 0 0.0335217
990.382 0 0 -0.0326919 0 0 0.0326919
858.778 0 0 -0.0318658 0 0 0.0318658
727.216 0 0 -0.03104 0 0 0.03104
595.905 0 0 -0.0302157 0 0 0.0302157
464.656 0 0 -0.0293918 0 0 0.0293918
333.206 0 0 -0.0285667 0 0 0.0285667
201.7 0 0 -0.0277412 0 0 0.0277412
70.5263 0 0 -0.0269178 0 0 0.0269178
-60.8092 0 0 -0.0260934 0 0 0.0260934
-192.047 0 0 -0.0252696 0 0 0.0252696
-323.436 0 0 -0.0244449 0 0 0.0244449
-454.81 0 0 -0.0236202 0 0 0.0236202
-586.14 0 0 -0.0227958 0 0 0.0227958
-717.479 0 0 -0.0219714 0 0 0.0219714
-848.763 0 0 -0.0211473 0 0 0.0211473
-980.077 0 0 -0.020323 0 0 0.020323
-1002.88 0 0 -0.0191196 0 0 0.0191196
-1010.17 0 0 -0.017863 0 0 0.017863
-1017.47 0 0 -0.0166048 0 0 0.0166048
-1024.76 0 0 -0.0153484 0 0 0.0153484
-1032.05 0 0 -0.014091 0 0 0.014091
-1039.35 0 0 -0.0128322 0 0 0.0128322
-1046.65 0 0 -0.0115739 0 0 0.0115739
-1053.93 0 0 -0.0103174 0 0 0.0103174
-1061.23 0 0 -0.00905898 0 0 0.00905898
-1068.52 0 0 -0.00780256 0 0 0.00780256
-1075.81 0 0 -0.00654482 0 0 0.00654482
-1083.11 0 0 -0.00528692 0 0 0.00528692
-1090.4 0 0 -0.00403041 0 0 0.00403041
-1097.7 0 0 -0.00277147 0 0 0.00277147
-1104.99 0 0 -0.0015146 0 0 0.0015146
-1112.28 0 0 -0.000257213 0 0 0.000257213
-1119.58 0 0 0.00100112 0 0 -0.00100112
-1126.86 0 0 0.00225764 0 0 -0.00225764
-1134.16 0 0 0.00351525 0 0 -0.00351525
-1141.46 0 0 0.00477359 0 0 -0.00477359
-1148.74 0 0 0.00602967 0 0 -0.00602967
-1156.04 0 0 0.00728823 0 0 -0.00728823
-1163.33 0 0 0.0085459 0 0 -0.0085459
-1170.62 0 0 0.00980284 0 0 -0.00980284
-1177.92 0 0 0.0110605 0 0 -0.0110605
-1185.21 0 0 0.0123174 0 0 -0.0123174
-1192.5 0 0 0.0135745 0 0 -0.0135745
-1199.8 0 0 0.0148338 0 0 -0.0148338
-1207.09 0 0 0.0160904 0 0 -0.0160904
-1214.39 0 0 0.0173492 0 0 -0.0173492
-1221.68 0 0 0.0186058 0 0 -0.0186058
-1228.97 0 0 0.019863 0 0 -0.019863
-1236.26 0 0 0.0211208 0 0 -0.0211208
-1243.56 0 0 0.0223784 0 0 -0.0223784
-1250.86 0 0 0.0236369 0 0 -0.0236369
-1258.15 0 0 0.0248938 0 0 -0.0248938
-1265.44 0 0 0.0261507 0 0 -0.0261507
-1272.73 0 0 0.0274085 0 0 -0.0274085
-1280.02 0 0 0.0286655 0 0 -0.0286655
-1287.31 0 0 0.0299226 0 0 -0.0299226
-1294.6 0 0 0.03118 0 0 -0.03118
-1301.91 0 0 0.0324391 0 0 -0.0324391
-1309.2 0 0 0.0336967 0 0 -0.0336967
-1312.62 0 0 0.0349659 0 0 -0.0349659
-1308.35 0 0 0.0354749 0 0 -0.0354749
-1180.71 0 0 0.0346235 0 0 -0.0346235
-1052.52 0 0 0.0337685 0 0 -0.0337685
-925.651 0 0 0.0329223 0 0 -0.0329223
-799.08 0 0 0.0320781 0 0 -0.0320781
-672.688 0 0 0.031235 0 0 -0.031235
-546.334 0 0 0.0303922 0 0 -0.0303922
-420.025 0 0 0.0295498 0 0 -0.0295498
-293.667 0 0 0.0287069 0 0 -0.0287069
-167.479 0 0 0.0278653 0 0 -0.0278653
-41.4015 0 0 0.0270243 0 0 -0.0270243
84.8234 0 0 0.0261824 0 0 -0.0261824
211.079 0 0 0.0253403 0 0 -0.0253403
337.452 0 0 0.0244974 0 0 -0.0244974
463.811 0 0 0.0236545 0 0 -0.0236545
589.915 0 0 0.0228134 0 0 -0.0228134
716.129 0 0 0.0219716 0 0 -0.0219716
842.479 0 0 0.0211288 0 0 -0.0211288
941.858 0 0 0.0201936 0 0 -0.0201936
948.75 0 0 0.0189337 0 0 -0.0189337
955.637 0 0 0.0176748 0 0 -0.0176748
962.522 0 0 0.0164164 0 0 -0.0164164
969.409 0 0 0.0151575 0 0 -0.0151575
976.298 0 0 0.0138983 0 0 -0.0138983
983.184 0 0 0.0126395 0 0 -0.0126395
990.071 0 0 0.0113806 0 0 -0.0113806
996.956 0 0 0.0101222 0 0 -0.0101222
1003.85 0 0 0.00886231 0 0 -0.00886231
1010.73 0 0 0.00760494 0 0 -0.00760494
1017.63 0 0 0.00634408 0 0 -0.00634408
1024.5 0 0 0.0050868 0 0 -0.0050868
1031.41 0 0 0.0038253 0 0 -0.0038253
1038.29 0 0 0.00256689 0 0 -0.00256689
1045.17 0 0 0.00130866 0 0 -0.00130866
1052.06 0 0 4.94198e-05 0 0 -4.94198e-05
1058.95 0 0 -0.00120927 0 0 0.00120927
1065.84 0 0 -0.00246833 0 0 0.00246833
1072.72 0 0 -0.0037274 0 0 0.0037274
1079.6 0 0 -0.00498498 0 0 0.00498498
1086.5 0 0 -0.00624482 0 0 0.00624482
1093.38 0 0 -0.00750345 0 0 0.00750345
1100.27 0 0 -0.00876193 0 0 0.00876193
1107.16 0 0 -0.0100214 0 0 0.0100214
1114.05 0 0 -0.0112806 0 0 0.0112806
1120.93 0 0 -0.0125384 0 0 0.0125384
1127.82 0 0 -0.013799 0 0 0.013799
1134.7 0 0 -0.0150566 0 0 0.0150566
1141.59 0 0 -0.016316 0 0 0.016316
1148.48 0 0 -0.0175744 0 0 0.0175744
1155.37 0 0 -0.0188333 0 0 0.0188333
1162.25 0 0 -0.0200922 0 0 0.0200922
1169.14 0 0 -0.0213509 0 0 0.0213509
1176.03 0 0 -0.0226106 0 0 0.0226106
1182.92 0 0 -0.0238698 0 0 0.0238698
1189.8 0 0 -0.0251281 0 0 0.0251281
1196.69 0 0 -0.0263867 0 0 0.0263867
1203.58 0 0 -0.0276459 0 0 0.0276459
1210.47 0 0 -0.0289048 0 0 0.0289048
1217.35 0 0 -0.0301637 0 0 0.0301637
1224.24 0 0 -0.0314234 0 0 0.0314234
1231.13 0 0 -0.0326816 0 0 0.0326816
1228.57 0 0 -0.0339745 0 0 0.0339745
1218.86 0 0 -0.0352897 0 0 0.0352897
1215.1 0 0 -0.0357984 0 0 0.0357984
1092.96 0 0 -0.0349319 0 0 0.0349319
970.228 0 0 -0.0340613 0 0 0.0340613
848.184 0 0 -0.0331956 0 0 0.0331956
726.797 0 0 -0.0323345 0 0 0.0323345
605.386 0 0 -0.0314733 0 0 0.0314733
484.163 0 0 -0.0306134 0 0 0.0306134
362.81 0 0 -0.0297526 0 0 0.0297526
241.751 0 0 -0.0288939 0 0 0.0288939
120.466 0 0 -0.0280335 0 0 0.0280335
-0.754476 0 0 -0.0271736 0 0 0.0271736
-121.945 0 0 -0.026314 0 0 0.026314
-243.064 0 0 -0.0254548 0 0 0.0254548
-364.316 0 0 -0.0245947 0 0 0.0245947
-485.506 0 0 -0.023735 0 0 0.023735
-606.723 0 0 -0.0228752 0 0 0.0228752
-727.889 0 0 -0.0220157 0 0 0.0220157
-849.062 0 0 -0.0211562 0 0 0.0211562
-878.17 0 0 -0.0199746 0 0 0.0199746
-884.582 0 0 -0.0187133 0 0 0.0187133
-890.984 0 0 -0.0174538 0 0 0.0174538
-897.394 0 0 -0.016193 0 0 0.016193
-903.803 0 0 -0.0149322 0 0 0.0149322
-910.211 0 0 -0.0136717 0 0 0.0136717
-916.618 0 0 -0.0124115 0 0 0.0124115
-923.024 0 0 -0.0111513 0 0 0.0111513
-929.444 0 0 -0.00988832 0 0 0.00988832
-935.845 0 0 -0.00862922 0 0 0.00862922
-942.252 0 0 -0.00736894 0 0 0.00736894
-948.659 0 0 -0.00610846 0 0 0.00610846
-955.071 0 0 -0.00484721 0 0 0.00484721
-961.48 0 0 -0.00358646 0 0 0.00358646
-967.886 0 0 -0.0023264 0 0 0.0023264
-974.297 0 0 -0.00106513 0 0 0.00106513
-980.702 0 0 0.000194803 0 0 -0.000194803
-987.114 0 0 0.00145598 0 0 -0.00145598
-993.528 0 0 0.00271779 0 0 -0.00271779
-999.929 0 0 0.0039769 0 0 -0.0039769
-1006.34 0 0 0.00523786 0 0 -0.00523786
-1012.75 0 0 0.00649972 0 0 -0.00649972
-1019.15 0 0 0.00775873 0 0 -0.00775873
-1025.56 0 0 0.00901804 0 0 -0.00901804
-1031.97 0 0 0.0102796 0 0 -0.0102796
-1038.38 0 0 0.0115399 0 0 -0.0115399
-1044.8 0 0 0.0128027 0 0 -0.0128027
-1051.2 0 0 0.0140625 0 0 -0.0140625
-1057.6 0 0 0.0153216 0 0 -0.0153216
-1064.02 0 0 0.0165838 0 0 -0.0165838
-1070.42 0 0 0.017843 0 0 -0.017843
-1076.83 0 0 0.0191041 0 0 -0.0191041
-1083.24 0 0 0.020365 0 0 -0.020365
-1089.64 0 0 0.021625 0 0 -0.021625
-1096.05 0 0 0.022885 0 0 -0.022885
-1102.46 0 0 0.0241464 0 0 -0.0241464
-1108.87 0 0 0.0254075 0 0 -0.0254075
-1115.28 0 0 0.0266682 0 0 -0.0266682
-1121.69 0 0 0.0279278 0 0 -0.0279278
-1128.1 0 0 0.029189 0 0 -0.029189
-1134.5 0 0 0.0304488 0 0 -0.0304488
-1137.89 0 0 0.0317207 0 0 -0.0317207
-1129.73 0 0 0.0330318 0 0 -0.0330318
-1121.56 0 0 0.0343442 0 0 -0.0343442
-1113.41 0 0 0.0356549 0 0 -0.0356549
-1110.22 0 0 0.0361664 0 0 -0.0361664
-993.732 0 0 0.0352874 0 0 -0.0352874
-875.737 0 0 0.0343971 0 0 -0.0343971
-758.781 0 0 0.0335145 0 0 -0.0335145
-642.316 0 0 0.0326357 0 0 -0.0326357
-525.78 0 0 0.0317564 0 0 -0.0317564
-409.601 0 0 0.0308797 0 0 -0.0308797
-293.342 0 0 0.0300025 0 0 -0.0300025
-177.151 0 0 0.0291257 0 0 -0.0291257
-60.8553 0 0 0.0282482 0 0 -0.0282482
55.336 0 0 0.0273714 0 0 -0.0273714
171.573 0 0 0.0264943 0 0 -0.0264943
287.782 0 0 0.0256174 0 0 -0.0256174
404.105 0 0 0.0247397 0 0 -0.0247397
520.362 0 0 0.0238624 0 0 -0.0238624
636.509 0 0 0.022986 0 0 -0.022986
752.729 0 0 0.0221091 0 0 -0.0221091
802.869 0 0 0.0210019 0 0 -0.0210019
808.761 0 0 0.0197388 0 0 -0.0197388
814.651 0 0 0.0184761 0 0 -0.0184761
820.537 0 0 0.0172141 0 0 -0.0172141
826.432 0 0 0.0159504 0 0 -0.0159504
832.323 0 0 0.0146875 0 0 -0.0146875
838.199 0 0 0.0134278 0 0 -0.0134278
844.089 0 0 0.0121652 0 0 -0.0121652
849.98 0 0 0.0109023 0 0 -0.0109023
